11 30 2015 00 00  -7.10  19.22 824.11 1021.93 30.18 1709.87
11 30 2015 00 01  -7.00  19.40 824.04 1021.65 30.17 1708.98
11 30 2015 00 02  -7.10  19.22 824.06 1021.82 30.17 1709.47
11 30 2015 00 03  -7.10  19.22 824.04 1021.84 30.18 1709.87
11 30 2015 00 04  -7.10  19.22 824.01 1021.81 30.17 1709.87
11 30 2015 00 05  -7.10  19.22 824.03 1021.77 30.17 1709.37
11 30 2015 00 06  -7.10  19.22 824.09 1021.83 30.17 1709.27
11 30 2015 00 07  -7.10  19.22 823.96 1021.81 30.17 1710.36
11 30 2015 00 08  -7.10  19.22 823.99 1022.09 30.18 1712.33
11 30 2015 00 09  -7.10  19.22 824.05 1021.78 30.17 1709.27
11 30 2015 00 10  -7.10  19.22 824.10 1021.84 30.18 1709.27
11 30 2015 00 11  -7.10  19.22 824.14 1021.86 30.18 1708.98
11 30 2015 00 12  -7.10  19.22 824.09 1021.91 30.18 1709.87
11 30 2015 00 13  -7.20  19.04 824.15 1022.00 30.18 1709.37
11 30 2015 00 14  -7.20  19.04 824.00 1021.81 30.17 1709.37
11 30 2015 00 15  -7.20  19.04 823.93 1021.70 30.17 1709.18
11 30 2015 00 16  -7.20  19.04 824.03 1021.85 30.18 1709.37
11 30 2015 00 17  -7.20  19.04 823.90 1021.73 30.17 1709.67
11 30 2015 00 18  -7.20  19.04 824.08 1021.95 30.18 1709.67
11 30 2015 00 19  -7.30  18.86 824.09 1022.07 30.18 1709.87
11 30 2015 00 20  -7.30  18.86 824.20 1022.02 30.18 1708.39
11 30 2015 00 21  -7.30  18.86 824.05 1021.88 30.18 1708.78
11 30 2015 00 22  -7.30  18.86 824.12 1021.96 30.18 1708.68
11 30 2015 00 23  -7.30  18.86 824.26 1022.19 30.19 1709.18
11 30 2015 00 24  -7.30  18.86 824.18 1021.98 30.18 1708.29
11 30 2015 00 25  -7.30  18.86 824.30 1022.03 30.18 1707.50
11 30 2015 00 26  -7.30  18.86 824.22 1021.96 30.18 1707.70
11 30 2015 00 27  -7.40  18.68 824.31 1022.17 30.18 1707.90
11 30 2015 00 28  -7.40  18.68 824.27 1022.12 30.18 1707.90
11 30 2015 00 29  -7.40  18.68 824.29 1022.10 30.18 1707.50
11 30 2015 00 30  -7.40  18.68 824.23 1022.14 30.18 1708.39
11 30 2015 00 31  -7.40  18.68 824.19 1022.08 30.18 1708.29
11 30 2015 00 32  -7.50  18.50 824.33 1022.34 30.19 1708.39
11 30 2015 00 33  -7.50  18.50 824.31 1022.28 30.19 1708.09
11 30 2015 00 34  -7.50  18.50 824.26 1022.39 30.19 1709.47
11 30 2015 00 35  -7.50  18.50 824.20 1022.23 30.19 1708.78
11 30 2015 00 36  -7.50  18.50 824.21 1022.32 30.19 1709.37
11 30 2015 00 37  -7.50  18.50 824.15 1022.23 30.19 1709.27
11 30 2015 00 38  -7.60  18.32 824.18 1022.35 30.19 1709.27
11 30 2015 00 39  -7.60  18.32 824.03 1022.10 30.18 1708.78
11 30 2015 00 40  -7.60  18.32 824.17 1022.15 30.18 1707.80
11 30 2015 00 41  -7.60  18.32 824.10 1022.23 30.19 1709.08
11 30 2015 00 42  -7.60  18.32 824.12 1022.24 30.19 1708.98
11 30 2015 00 43  -7.60  18.32 824.08 1022.14 30.18 1708.59
11 30 2015 00 44  -7.60  18.32 824.28 1022.32 30.19 1708.09
11 30 2015 00 45  -7.60  18.32 824.11 1022.04 30.18 1707.50
11 30 2015 00 46  -7.60  18.32 824.12 1022.14 30.18 1708.19
11 30 2015 00 47  -7.60  18.32 824.21 1022.21 30.19 1707.90
11 30 2015 00 48  -7.60  18.32 824.13 1022.24 30.19 1708.88
11 30 2015 00 49  -7.60  18.32 824.17 1022.23 30.19 1708.39
11 30 2015 00 50  -7.60  18.32 824.01 1022.10 30.18 1708.98
11 30 2015 00 51  -7.60  18.32 824.22 1022.34 30.19 1708.78
11 30 2015 00 52  -7.70  18.14 824.14 1022.31 30.19 1708.68
11 30 2015 00 53  -7.70  18.14 824.20 1022.37 30.19 1708.59
11 30 2015 00 54  -7.70  18.14 824.25 1022.33 30.19 1707.80
11 30 2015 00 55  -7.70  18.14 824.08 1022.10 30.18 1707.60
11 30 2015 00 56  -7.80  17.96 824.26 1022.44 30.19 1707.90
11 30 2015 00 57  -7.80  17.96 824.14 1022.44 30.19 1709.08
11 30 2015 00 58  -7.80  17.96 824.18 1022.45 30.19 1708.78
11 30 2015 00 59  -7.80  17.96 824.15 1022.36 30.19 1708.39
11 30 2015 01 00  -7.80  17.96 824.15 1022.50 30.19 1709.47
11 30 2015 01 01  -7.80  17.96 823.95 1022.24 30.19 1709.37
11 30 2015 01 02  -7.80  17.96 824.05 1022.48 30.19 1710.26
11 30 2015 01 03  -7.80  17.96 824.14 1022.55 30.20 1709.96
11 30 2015 01 04  -7.80  17.96 824.00 1022.46 30.19 1710.65
11 30 2015 01 05  -7.90  17.78 823.96 1022.57 30.20 1711.24
11 30 2015 01 06  -7.80  17.96 824.01 1022.40 30.19 1710.06
11 30 2015 01 07  -7.80  17.96 824.02 1022.54 30.20 1711.05
11 30 2015 01 08  -7.80  17.96 824.00 1022.41 30.19 1710.26
11 30 2015 01 09  -7.80  17.96 824.03 1022.61 30.20 1711.54
11 30 2015 01 10  -7.80  17.96 823.93 1022.33 30.19 1710.26
11 30 2015 01 11  -7.80  17.96 823.93 1022.36 30.19 1710.55
11 30 2015 01 12  -7.80  17.96 823.96 1022.26 30.19 1709.47
11 30 2015 01 13  -7.80  17.96 824.04 1022.35 30.19 1709.37
11 30 2015 01 14  -7.70  18.14 824.05 1022.39 30.19 1710.26
11 30 2015 01 15  -7.70  18.14 824.09 1022.36 30.19 1709.57
11 30 2015 01 16  -7.70  18.14 824.15 1022.28 30.19 1708.39
11 30 2015 01 17  -7.70  18.14 824.21 1022.39 30.19 1708.68
11 30 2015 01 18  -7.70  18.14 824.14 1022.31 30.19 1708.68
11 30 2015 01 19  -7.60  18.32 824.03 1022.24 30.19 1709.87
11 30 2015 01 20  -7.60  18.32 823.98 1022.14 30.18 1709.57
11 30 2015 01 21  -7.60  18.32 823.97 1022.10 30.18 1709.37
11 30 2015 01 22  -7.60  18.32 824.03 1022.24 30.19 1709.87
11 30 2015 01 23  -7.60  18.32 824.15 1022.26 30.19 1708.88
11 30 2015 01 24  -7.60  18.32 824.06 1022.19 30.19 1709.18
11 30 2015 01 25  -7.50  18.50 824.03 1022.14 30.18 1709.77
11 30 2015 01 26  -7.50  18.50 824.05 1022.17 30.18 1709.77
11 30 2015 01 27  -7.50  18.50 824.01 1022.21 30.19 1710.46
11 30 2015 01 28  -7.50  18.50 823.99 1022.09 30.18 1709.77
11 30 2015 01 29  -7.50  18.50 824.00 1022.13 30.18 1709.96
11 30 2015 01 30  -7.50  18.50 823.91 1022.06 30.18 1710.26
11 30 2015 01 31  -7.40  18.68 824.08 1022.09 30.18 1709.47
11 30 2015 01 32  -7.40  18.68 824.03 1021.99 30.18 1709.18
11 30 2015 01 33  -7.40  18.68 824.06 1022.05 30.18 1709.37
11 30 2015 01 34  -7.40  18.68 824.08 1022.13 30.18 1709.77
11 30 2015 01 35  -7.40  18.68 823.98 1022.06 30.18 1710.26
11 30 2015 01 36  -7.30  18.86 823.75 1021.70 30.17 1710.26
11 30 2015 01 37  -7.30  18.86 824.02 1022.01 30.18 1710.06
11 30 2015 01 38  -7.30  18.86 824.03 1022.06 30.18 1710.36
11 30 2015 01 39  -7.30  18.86 824.12 1022.08 30.18 1709.67
11 30 2015 01 40  -7.30  18.86 823.95 1021.90 30.18 1709.87
11 30 2015 01 41  -7.30  18.86 824.07 1022.11 30.18 1710.36
11 30 2015 01 42  -7.20  19.04 824.07 1021.98 30.18 1709.96
11 30 2015 01 43  -7.20  19.04 823.82 1021.76 30.17 1710.75
11 30 2015 01 44  -7.20  19.04 824.03 1022.00 30.18 1710.55
11 30 2015 01 45  -7.20  19.04 824.00 1021.99 30.18 1710.75
11 30 2015 01 46  -7.20  19.04 823.81 1021.67 30.17 1710.06
11 30 2015 01 47  -7.20  19.04 824.07 1021.89 30.18 1709.27
11 30 2015 01 48  -7.20  19.04 824.02 1021.91 30.18 1709.96
11 30 2015 01 49  -7.10  19.22 824.16 1021.96 30.18 1709.57
11 30 2015 01 50  -7.10  19.22 824.06 1021.81 30.17 1709.37
11 30 2015 01 51  -7.10  19.22 824.05 1021.84 30.18 1709.77
11 30 2015 01 52  -7.10  19.22 823.97 1021.76 30.17 1709.87
11 30 2015 01 53  -7.10  19.22 824.09 1021.81 30.17 1709.08
11 30 2015 01 54  -7.10  19.22 824.10 1021.80 30.17 1708.88
11 30 2015 01 55  -7.10  19.22 824.17 1021.98 30.18 1709.67
11 30 2015 01 56  -7.10  19.22 824.25 1021.91 30.18 1708.29
11 30 2015 01 57  -7.10  19.22 823.98 1021.55 30.17 1708.09
11 30 2015 01 58  -7.10  19.22 824.13 1021.78 30.17 1708.49
11 30 2015 01 59  -7.10  19.22 824.12 1021.83 30.17 1708.98
11 30 2015 02 00  -7.10  19.22 824.12 1021.88 30.18 1709.37
11 30 2015 02 01  -7.10  19.22 824.18 1021.91 30.18 1708.98
11 30 2015 02 02  -7.00  19.40 824.04 1021.73 30.17 1709.57
11 30 2015 02 03  -7.00  19.40 824.16 1021.90 30.18 1709.77
11 30 2015 02 04  -7.00  19.40 824.04 1021.70 30.17 1709.37
11 30 2015 02 05  -7.00  19.40 823.98 1021.62 30.17 1709.27
11 30 2015 02 06  -7.00  19.40 824.08 1021.74 30.17 1709.27
11 30 2015 02 07  -7.00  19.40 824.12 1021.85 30.18 1709.77
11 30 2015 02 08  -7.00  19.40 824.02 1021.78 30.17 1710.16
11 30 2015 02 09  -7.00  19.40 824.05 1021.79 30.17 1709.96
11 30 2015 02 10  -7.00  19.40 823.99 1021.78 30.17 1710.46
11 30 2015 02 11  -7.00  19.40 823.97 1021.68 30.17 1709.87
11 30 2015 02 12  -7.00  19.40 823.93 1021.66 30.17 1710.16
11 30 2015 02 13  -7.00  19.40 823.99 1021.80 30.17 1710.65
11 30 2015 02 14  -7.00  19.40 823.94 1021.69 30.17 1710.26
11 30 2015 02 15  -7.00  19.40 823.84 1021.61 30.17 1710.65
11 30 2015 02 16  -7.00  19.40 823.95 1021.60 30.17 1709.47
11 30 2015 02 17  -7.00  19.40 824.01 1021.83 30.17 1710.65
11 30 2015 02 18  -7.00  19.40 823.95 1021.61 30.17 1709.57
11 30 2015 02 19  -7.00  19.40 823.90 1021.65 30.17 1710.36
11 30 2015 02 20  -7.00  19.40 823.99 1021.80 30.17 1710.65
11 30 2015 02 21  -7.00  19.40 823.88 1021.76 30.17 1711.44
11 30 2015 02 22  -7.00  19.40 823.90 1021.59 30.17 1709.87
11 30 2015 02 23  -7.00  19.40 823.88 1021.71 30.17 1711.05
11 30 2015 02 24  -7.00  19.40 824.06 1021.65 30.17 1708.78
11 30 2015 02 25  -7.00  19.40 823.99 1021.76 30.17 1710.36
11 30 2015 02 26  -6.90  19.58 824.01 1021.68 30.17 1710.16
11 30 2015 02 27  -6.90  19.58 823.87 1021.63 30.17 1711.14
11 30 2015 02 28  -6.90  19.58 823.97 1021.63 30.17 1710.16
11 30 2015 02 29  -6.90  19.58 823.97 1021.76 30.17 1711.14
11 30 2015 02 30  -6.90  19.58 823.83 1021.46 30.16 1710.16
11 30 2015 02 31  -6.90  19.58 823.93 1021.60 30.17 1710.26
11 30 2015 02 32  -6.90  19.58 823.88 1021.60 30.17 1710.75
11 30 2015 02 33  -6.90  19.58 823.86 1021.79 30.17 1712.52
11 30 2015 02 34  -6.90  19.58 823.86 1021.61 30.17 1711.05
11 30 2015 02 35  -6.90  19.58 823.86 1021.58 30.17 1710.85
11 30 2015 02 36  -6.90  19.58 823.91 1021.60 30.17 1710.46
11 30 2015 02 37  -6.90  19.58 823.96 1021.76 30.17 1711.24
11 30 2015 02 38  -6.80  19.76 823.97 1021.73 30.17 1711.54
11 30 2015 02 39  -6.80  19.76 823.83 1021.47 30.16 1710.85
11 30 2015 02 40  -6.80  19.76 823.92 1021.58 30.17 1710.85
11 30 2015 02 41  -6.80  19.76 824.08 1021.80 30.17 1711.05
11 30 2015 02 42  -6.80  19.76 823.96 1021.61 30.17 1710.75
11 30 2015 02 43  -6.80  19.76 824.03 1021.76 30.17 1711.24
11 30 2015 02 44  -6.80  19.76 823.87 1021.54 30.17 1711.05
11 30 2015 02 45  -6.80  19.76 823.94 1021.56 30.17 1710.55
11 30 2015 02 46  -6.80  19.76 823.98 1021.76 30.17 1711.74
11 30 2015 02 47  -6.80  19.76 823.92 1021.52 30.17 1710.36
11 30 2015 02 48  -6.80  19.76 823.92 1021.44 30.16 1709.77
11 30 2015 02 49  -6.80  19.76 823.98 1021.63 30.17 1710.65
11 30 2015 02 50  -6.70  19.94 823.99 1021.58 30.17 1710.85
11 30 2015 02 51  -6.70  19.94 823.85 1021.45 30.16 1711.14
11 30 2015 02 52  -6.70  19.94 823.86 1021.53 30.17 1711.74
11 30 2015 02 53  -6.70  19.94 823.86 1021.43 30.16 1710.95
11 30 2015 02 54  -6.70  19.94 823.90 1021.43 30.16 1710.55
11 30 2015 02 55  -6.70  19.94 823.93 1021.62 30.17 1711.74
11 30 2015 02 56  -6.70  19.94 823.84 1021.41 30.16 1710.95
11 30 2015 02 57  -6.70  19.94 823.82 1021.53 30.17 1712.13
11 30 2015 02 58  -6.70  19.94 823.84 1021.53 30.17 1711.93
11 30 2015 02 59  -6.70  19.94 823.79 1021.52 30.17 1712.33
11 30 2015 03 00  -6.70  19.94 823.76 1021.51 30.17 1712.52
11 30 2015 03 01  -6.70  19.94 823.78 1021.50 30.16 1712.23
11 30 2015 03 02  -6.70  19.94 823.71 1021.45 30.16 1712.52
11 30 2015 03 03  -6.70  19.94 823.87 1021.67 30.17 1712.72
11 30 2015 03 04  -6.70  19.94 823.70 1021.45 30.16 1712.62
11 30 2015 03 05  -6.70  19.94 823.83 1021.55 30.17 1712.13
11 30 2015 03 06  -6.70  19.94 823.88 1021.61 30.17 1712.13
11 30 2015 03 07  -6.70  19.94 823.77 1021.50 30.16 1712.33
11 30 2015 03 08  -6.70  19.94 823.85 1021.62 30.17 1712.52
11 30 2015 03 09  -6.70  19.94 823.66 1021.30 30.16 1711.83
11 30 2015 03 10  -6.70  19.94 823.79 1021.50 30.16 1712.13
11 30 2015 03 11  -6.60  20.12 823.80 1021.56 30.17 1713.21
11 30 2015 03 12  -6.60  20.12 823.70 1021.30 30.16 1712.13
11 30 2015 03 13  -6.60  20.12 823.86 1021.54 30.17 1712.42
11 30 2015 03 14  -6.60  20.12 823.71 1021.46 30.16 1713.31
11 30 2015 03 15  -6.60  20.12 823.65 1021.33 30.16 1712.82
11 30 2015 03 16  -6.60  20.12 823.67 1021.54 30.17 1714.30
11 30 2015 03 17  -6.60  20.12 823.70 1021.45 30.16 1713.31
11 30 2015 03 18  -6.60  20.12 823.70 1021.43 30.16 1713.11
11 30 2015 03 19  -6.60  20.12 823.62 1021.41 30.16 1713.80
11 30 2015 03 20  -6.60  20.12 823.60 1021.43 30.16 1714.10
11 30 2015 03 21  -6.60  20.12 823.54 1021.40 30.16 1714.49
11 30 2015 03 22  -6.60  20.12 823.65 1021.53 30.17 1714.39
11 30 2015 03 23  -6.60  20.12 823.62 1021.51 30.17 1714.59
11 30 2015 03 24  -6.60  20.12 823.65 1021.33 30.16 1712.82
11 30 2015 03 25  -6.60  20.12 823.65 1021.33 30.16 1712.82
11 30 2015 03 26  -6.60  20.12 823.61 1021.39 30.16 1713.70
11 30 2015 03 27  -6.60  20.12 823.68 1021.50 30.16 1713.90
11 30 2015 03 28  -6.60  20.12 823.65 1021.40 30.16 1713.41
11 30 2015 03 29  -6.60  20.12 823.68 1021.45 30.16 1713.51
11 30 2015 03 30  -6.60  20.12 823.66 1021.43 30.16 1713.51
11 30 2015 03 31  -6.60  20.12 823.71 1021.59 30.17 1714.30
11 30 2015 03 32  -6.60  20.12 823.50 1021.20 30.16 1713.31
11 30 2015 03 33  -6.60  20.12 823.67 1021.38 30.16 1713.02
11 30 2015 03 34  -6.60  20.12 823.76 1021.49 30.16 1713.02
11 30 2015 03 35  -6.60  20.12 823.70 1021.42 30.16 1713.02
11 30 2015 03 36  -6.60  20.12 823.62 1021.44 30.16 1714.00
11 30 2015 03 37  -6.60  20.12 823.63 1021.33 30.16 1713.02
11 30 2015 03 38  -6.60  20.12 823.60 1021.32 30.16 1713.21
11 30 2015 03 39  -6.60  20.12 823.64 1021.34 30.16 1713.02
11 30 2015 03 40  -6.60  20.12 823.66 1021.45 30.16 1713.70
11 30 2015 03 41  -6.60  20.12 823.65 1021.43 30.16 1713.61
11 30 2015 03 42  -6.50  20.30 823.66 1021.42 30.16 1714.10
11 30 2015 03 43  -6.50  20.30 823.71 1021.45 30.16 1713.80
11 30 2015 03 44  -6.50  20.30 823.64 1021.37 30.16 1713.90
11 30 2015 03 45  -6.50  20.30 823.51 1021.26 30.16 1714.30
11 30 2015 03 46  -6.60  20.12 823.56 1021.51 30.17 1715.18
11 30 2015 03 47  -6.60  20.12 823.57 1021.33 30.16 1713.61
11 30 2015 03 48  -6.50  20.30 823.59 1021.45 30.16 1714.98
11 30 2015 03 49  -6.50  20.30 823.52 1021.23 30.16 1714.00
11 30 2015 03 50  -6.50  20.30 823.49 1021.20 30.16 1714.00
11 30 2015 03 51  -6.50  20.30 823.59 1021.41 30.16 1714.69
11 30 2015 03 52  -6.50  20.30 823.58 1021.33 30.16 1714.20
11 30 2015 03 53  -6.50  20.30 823.58 1021.32 30.16 1714.10
11 30 2015 03 54  -6.50  20.30 823.56 1021.27 30.16 1713.90
11 30 2015 03 55  -6.50  20.30 823.63 1021.35 30.16 1713.80
11 30 2015 03 56  -6.50  20.30 823.54 1021.35 30.16 1714.69
11 30 2015 03 57  -6.50  20.30 823.51 1021.59 30.17 1716.95
11 30 2015 03 58  -6.50  20.30 823.59 1021.52 30.17 1715.58
11 30 2015 03 59  -6.50  20.30 823.55 1021.46 30.16 1715.48
11 30 2015 04 00  -6.50  20.30 823.59 1021.40 30.16 1714.59
11 30 2015 04 01  -6.50  20.30 823.65 1021.45 30.16 1714.39
11 30 2015 04 02  -6.50  20.30 823.55 1021.27 30.16 1714.00
11 30 2015 04 03  -6.50  20.30 823.62 1021.38 30.16 1714.20
11 30 2015 04 04  -6.40  20.48 823.59 1021.28 30.16 1714.30
11 30 2015 04 05  -6.40  20.48 823.44 1021.14 30.15 1714.69
11 30 2015 04 06  -6.40  20.48 823.62 1021.29 30.16 1714.10
11 30 2015 04 07  -6.50  20.30 823.41 1021.12 30.15 1714.20
11 30 2015 04 08  -6.40  20.48 823.60 1021.23 30.16 1713.80
11 30 2015 04 09  -6.40  20.48 823.55 1021.25 30.16 1714.49
11 30 2015 04 10  -6.40  20.48 823.61 1021.25 30.16 1713.90
11 30 2015 04 11  -6.40  20.48 823.60 1021.28 30.16 1714.20
11 30 2015 04 12  -6.40  20.48 823.58 1021.29 30.16 1714.49
11 30 2015 04 13  -6.40  20.48 823.59 1021.23 30.16 1713.90
11 30 2015 04 14  -6.40  20.48 823.32 1021.02 30.15 1714.89
11 30 2015 04 15  -6.40  20.48 823.58 1021.25 30.16 1714.20
11 30 2015 04 16  -6.30  20.66 823.64 1021.26 30.16 1714.30
11 30 2015 04 17  -6.30  20.66 823.43 1021.23 30.16 1716.17
11 30 2015 04 18  -6.30  20.66 823.50 1021.20 30.16 1715.18
11 30 2015 04 19  -6.30  20.66 823.42 1021.11 30.15 1715.28
11 30 2015 04 20  -6.30  20.66 823.48 1021.36 30.16 1716.66
11 30 2015 04 21  -6.30  20.66 823.52 1021.16 30.15 1714.69
11 30 2015 04 22  -6.30  20.66 823.48 1021.28 30.16 1716.07
11 30 2015 04 23  -6.30  20.66 823.43 1021.26 30.16 1716.36
11 30 2015 04 24  -6.30  20.66 823.32 1021.12 30.15 1716.36
11 30 2015 04 25  -6.30  20.66 823.39 1021.16 30.15 1715.97
11 30 2015 04 26  -6.30  20.66 823.49 1021.16 30.15 1714.98
11 30 2015 04 27  -6.30  20.66 823.49 1021.22 30.16 1715.48
11 30 2015 04 28  -6.30  20.66 823.44 1021.10 30.15 1714.98
11 30 2015 04 29  -6.30  20.66 823.45 1021.16 30.15 1715.38
11 30 2015 04 30  -6.20  20.84 823.44 1021.12 30.15 1715.77
11 30 2015 04 31  -6.30  20.66 823.32 1021.18 30.16 1716.86
11 30 2015 04 32  -6.20  20.84 823.40 1021.14 30.15 1716.36
11 30 2015 04 33  -6.30  20.66 823.29 1021.21 30.16 1717.35
11 30 2015 04 34  -6.20  20.84 823.31 1021.10 30.15 1716.95
11 30 2015 04 35  -6.20  20.84 823.18 1020.88 30.15 1716.46
11 30 2015 04 36  -6.20  20.84 823.30 1021.05 30.15 1716.66
11 30 2015 04 37  -6.20  20.84 823.28 1021.09 30.15 1717.15
11 30 2015 04 38  -6.20  20.84 823.36 1021.10 30.15 1716.46
11 30 2015 04 39  -6.20  20.84 823.28 1021.07 30.15 1716.95
11 30 2015 04 40  -6.30  20.66 823.09 1020.97 30.15 1717.45
11 30 2015 04 41  -6.30  20.66 823.23 1021.17 30.16 1717.64
11 30 2015 04 42  -6.30  20.66 823.29 1021.20 30.16 1717.25
11 30 2015 04 43  -6.30  20.66 823.29 1021.30 30.16 1718.04
11 30 2015 04 44  -6.30  20.66 823.25 1021.25 30.16 1718.04
11 30 2015 04 45  -6.30  20.66 823.02 1020.97 30.15 1718.14
11 30 2015 04 46  -6.30  20.66 823.26 1021.21 30.16 1717.64
11 30 2015 04 47  -6.30  20.66 823.17 1021.08 30.15 1717.55
11 30 2015 04 48  -6.30  20.66 823.18 1021.13 30.15 1717.84
11 30 2015 04 49  -6.30  20.66 823.18 1021.25 30.16 1718.73
11 30 2015 04 50  -6.30  20.66 823.14 1021.16 30.15 1718.43
11 30 2015 04 51  -6.30  20.66 823.20 1021.17 30.16 1717.94
11 30 2015 04 52  -6.30  20.66 823.17 1021.13 30.15 1717.94
11 30 2015 04 53  -6.30  20.66 823.08 1021.02 30.15 1717.94
11 30 2015 04 54  -6.30  20.66 823.07 1021.11 30.15 1718.73
11 30 2015 04 55  -6.30  20.66 823.00 1021.07 30.15 1719.12
11 30 2015 04 56  -6.30  20.66 823.20 1021.29 30.16 1718.92
11 30 2015 04 57  -6.30  20.66 823.03 1021.18 30.16 1719.71
11 30 2015 04 58  -6.30  20.66 823.12 1021.28 30.16 1719.61
11 30 2015 04 59  -6.30  20.66 823.09 1021.18 30.16 1719.12
11 30 2015 05 00  -6.30  20.66 823.01 1021.17 30.16 1719.81
11 30 2015 05 01  -6.40  20.48 823.05 1021.23 30.16 1719.22
11 30 2015 05 02  -6.30  20.66 823.03 1021.08 30.15 1718.92
11 30 2015 05 03  -6.30  20.66 823.04 1021.26 30.16 1720.21
11 30 2015 05 04  -6.40  20.48 823.02 1021.25 30.16 1719.71
11 30 2015 05 05  -6.40  20.48 822.94 1021.19 30.16 1720.01
11 30 2015 05 06  -6.40  20.48 823.00 1021.23 30.16 1719.71
11 30 2015 05 07  -6.40  20.48 823.01 1021.26 30.16 1719.91
11 30 2015 05 08  -6.40  20.48 823.00 1021.45 30.16 1721.49
11 30 2015 05 09  -6.40  20.48 822.98 1021.24 30.16 1720.01
11 30 2015 05 10  -6.40  20.48 822.97 1021.28 30.16 1720.40
11 30 2015 05 11  -6.40  20.48 823.01 1021.30 30.16 1720.21
11 30 2015 05 12  -6.40  20.48 822.95 1021.29 30.16 1720.70
11 30 2015 05 13  -6.40  20.48 822.85 1021.21 30.16 1721.09
11 30 2015 05 14  -6.40  20.48 822.96 1021.26 30.16 1720.40
11 30 2015 05 15  -6.40  20.48 822.98 1021.26 30.16 1720.21
11 30 2015 05 16  -6.40  20.48 822.90 1021.19 30.16 1720.40
11 30 2015 05 17  -6.40  20.48 822.89 1021.20 30.16 1720.60
11 30 2015 05 18  -6.40  20.48 822.93 1021.25 30.16 1720.60
11 30 2015 05 19  -6.40  20.48 822.81 1021.10 30.15 1720.60
11 30 2015 05 20  -6.40  20.48 822.86 1021.15 30.15 1720.50
11 30 2015 05 21  -6.40  20.48 822.88 1021.29 30.16 1721.39
11 30 2015 05 22  -6.40  20.48 822.85 1021.23 30.16 1721.19
11 30 2015 05 23  -6.40  20.48 822.88 1021.20 30.16 1720.70
11 30 2015 05 24  -6.40  20.48 822.82 1021.29 30.16 1721.98
11 30 2015 05 25  -6.40  20.48 822.84 1021.15 30.15 1720.70
11 30 2015 05 26  -6.40  20.48 822.85 1021.32 30.16 1721.98
11 30 2015 05 27  -6.50  20.30 822.88 1021.39 30.16 1721.58
11 30 2015 05 28  -6.50  20.30 822.93 1021.41 30.16 1721.19
11 30 2015 05 29  -6.50  20.30 822.92 1021.39 30.16 1721.19
11 30 2015 05 30  -6.50  20.30 822.76 1021.29 30.16 1721.98
11 30 2015 05 31  -6.50  20.30 822.81 1021.23 30.16 1720.99
11 30 2015 05 32  -6.50  20.30 822.84 1021.31 30.16 1721.29
11 30 2015 05 33  -6.50  20.30 822.68 1021.24 30.16 1722.37
11 30 2015 05 34  -6.50  20.30 822.82 1021.33 30.16 1721.68
11 30 2015 05 35  -6.50  20.30 822.56 1021.08 30.15 1722.27
11 30 2015 05 36  -6.60  20.12 822.81 1021.41 30.16 1721.78
11 30 2015 05 37  -6.60  20.12 822.73 1021.28 30.16 1721.49
11 30 2015 05 38  -6.50  20.30 822.78 1021.37 30.16 1722.37
11 30 2015 05 39  -6.60  20.12 822.75 1021.50 30.16 1723.06
11 30 2015 05 40  -6.60  20.12 822.70 1021.31 30.16 1722.08
11 30 2015 05 41  -6.60  20.12 822.67 1021.44 30.16 1723.36
11 30 2015 05 42  -6.60  20.12 822.60 1021.19 30.16 1722.08
11 30 2015 05 43  -6.60  20.12 822.60 1021.31 30.16 1723.06
11 30 2015 05 44  -6.60  20.12 822.63 1021.34 30.16 1722.96
11 30 2015 05 45  -6.60  20.12 822.58 1021.29 30.16 1723.06
11 30 2015 05 46  -6.60  20.12 822.68 1021.47 30.16 1723.56
11 30 2015 05 47  -6.60  20.12 822.66 1021.47 30.16 1723.75
11 30 2015 05 48  -6.60  20.12 822.69 1021.44 30.16 1723.16
11 30 2015 05 49  -6.60  20.12 822.74 1021.61 30.17 1724.05
11 30 2015 05 50  -6.60  20.12 822.69 1021.39 30.16 1722.77
11 30 2015 05 51  -6.70  19.94 822.69 1021.46 30.16 1722.67
11 30 2015 05 52  -6.70  19.94 822.74 1021.49 30.16 1722.47
11 30 2015 05 53  -6.70  19.94 822.72 1021.53 30.17 1722.96
11 30 2015 05 54  -6.70  19.94 822.71 1021.44 30.16 1722.37
11 30 2015 05 55  -6.70  19.94 822.73 1021.53 30.17 1722.87
11 30 2015 05 56  -6.80  19.76 822.62 1021.49 30.16 1722.96
11 30 2015 05 57  -6.80  19.76 822.68 1021.55 30.17 1722.87
11 30 2015 05 58  -6.80  19.76 822.75 1021.60 30.17 1722.57
11 30 2015 05 59  -6.80  19.76 822.78 1021.69 30.17 1722.96
11 30 2015 06 00  -6.80  19.76 822.70 1021.65 30.17 1723.46
11 30 2015 06 01  -6.80  19.76 822.61 1021.56 30.17 1723.65
11 30 2015 06 02  -6.90  19.58 822.66 1021.59 30.17 1722.77
11 30 2015 06 03  -6.90  19.58 822.58 1021.68 30.17 1724.25
11 30 2015 06 04  -6.90  19.58 822.59 1021.68 30.17 1724.15
11 30 2015 06 05  -7.00  19.40 822.58 1021.82 30.17 1724.74
11 30 2015 06 06  -7.00  19.40 822.62 1021.76 30.17 1723.85
11 30 2015 06 07  -7.00  19.40 822.56 1021.94 30.18 1725.82
11 30 2015 06 08  -7.00  19.40 822.47 1021.55 30.17 1723.65
11 30 2015 06 09  -7.00  19.40 822.54 1022.01 30.18 1726.61
11 30 2015 06 10  -7.00  19.40 822.62 1021.73 30.17 1723.56
11 30 2015 06 11  -7.00  19.40 822.59 1021.76 30.17 1724.15
11 30 2015 06 12  -7.00  19.40 822.52 1021.61 30.17 1723.65
11 30 2015 06 13  -7.00  19.40 822.43 1021.69 30.17 1725.13
11 30 2015 06 14  -7.00  19.40 822.49 1021.76 30.17 1725.13
11 30 2015 06 15  -7.10  19.22 822.52 1021.83 30.17 1724.74
11 30 2015 06 16  -7.10  19.22 822.52 1021.76 30.17 1724.15
11 30 2015 06 17  -7.10  19.22 822.56 1021.86 30.18 1724.54
11 30 2015 06 18  -7.20  19.04 822.53 1021.99 30.18 1725.23
11 30 2015 06 19  -7.20  19.04 822.41 1022.16 30.18 1727.79
11 30 2015 06 20  -7.20  19.04 822.49 1021.81 30.17 1724.25
11 30 2015 06 21  -7.20  19.04 822.45 1021.91 30.18 1725.43
11 30 2015 06 22  -7.20  19.04 822.42 1021.95 30.18 1726.02
11 30 2015 06 23  -7.20  19.04 822.34 1021.85 30.18 1726.02
11 30 2015 06 24  -7.20  19.04 822.32 1021.86 30.18 1726.32
11 30 2015 06 25  -7.20  19.04 822.44 1022.01 30.18 1726.32
11 30 2015 06 26  -7.30  18.86 822.42 1022.02 30.18 1725.92
11 30 2015 06 27  -7.30  18.86 822.39 1021.97 30.18 1725.82
11 30 2015 06 28  -7.30  18.86 822.39 1022.07 30.18 1726.61
11 30 2015 06 29  -7.40  18.68 822.44 1022.20 30.19 1726.51
11 30 2015 06 30  -7.40  18.68 822.27 1022.09 30.18 1727.30
11 30 2015 06 31  -7.40  18.68 822.33 1021.96 30.18 1725.72
11 30 2015 06 32  -7.40  18.68 822.32 1022.00 30.18 1726.12
11 30 2015 06 33  -7.30  18.86 822.37 1021.97 30.18 1726.02
11 30 2015 06 34  -7.30  18.86 822.33 1021.95 30.18 1726.22
11 30 2015 06 35  -7.30  18.86 822.30 1021.95 30.18 1726.51
11 30 2015 06 36  -7.30  18.86 822.36 1022.16 30.18 1727.60
11 30 2015 06 37  -7.30  18.86 822.27 1022.06 30.18 1727.70
11 30 2015 06 38  -7.30  18.86 822.18 1021.87 30.18 1727.10
11 30 2015 06 39  -7.30  18.86 822.28 1021.97 30.18 1726.91
11 30 2015 06 40  -7.30  18.86 822.21 1021.88 30.18 1726.91
11 30 2015 06 41  -7.30  18.86 822.00 1021.73 30.17 1727.79
11 30 2015 06 42  -7.30  18.86 822.16 1021.99 30.18 1728.29
11 30 2015 06 43  -7.30  18.86 822.28 1022.38 30.19 1730.16
11 30 2015 06 44  -7.40  18.68 822.08 1022.01 30.18 1728.58
11 30 2015 06 45  -7.40  18.68 822.06 1021.98 30.18 1728.48
11 30 2015 06 46  -7.40  18.68 822.11 1022.09 30.18 1728.88
11 30 2015 06 47  -7.30  18.86 822.19 1021.92 30.18 1727.40
11 30 2015 06 48  -7.30  18.86 822.11 1021.95 30.18 1728.39
11 30 2015 06 49  -7.30  18.86 822.05 1021.82 30.17 1727.99
11 30 2015 06 50  -7.30  18.86 822.25 1021.98 30.18 1727.30
11 30 2015 06 51  -7.30  18.86 822.10 1021.99 30.18 1728.88
11 30 2015 06 52  -7.20  19.04 822.18 1021.90 30.18 1727.99
11 30 2015 06 53  -7.20  19.04 822.18 1021.93 30.18 1728.19
11 30 2015 06 54  -7.20  19.04 822.13 1021.88 30.18 1728.29
11 30 2015 06 55  -7.20  19.04 822.20 1021.95 30.18 1728.19
11 30 2015 06 56  -7.20  19.04 822.09 1021.78 30.17 1727.89
11 30 2015 06 57  -7.10  19.22 822.20 1021.91 30.18 1728.48
11 30 2015 06 58  -7.10  19.22 822.12 1021.97 30.18 1729.77
11 30 2015 06 59  -7.10  19.22 822.13 1021.77 30.17 1728.09
11 30 2015 07 00  -7.10  19.22 822.11 1021.84 30.18 1728.88
11 30 2015 07 01  -7.10  19.22 822.11 1021.72 30.17 1727.89
11 30 2015 07 02  -7.10  19.22 822.11 1021.87 30.18 1729.08
11 30 2015 07 03  -7.10  19.22 822.11 1021.84 30.18 1728.88
11 30 2015 07 04  -7.10  19.22 822.13 1021.79 30.17 1728.29
11 30 2015 07 05  -7.10  19.22 821.98 1021.74 30.17 1729.37
11 30 2015 07 06  -7.10  19.22 822.13 1021.93 30.18 1729.37
11 30 2015 07 07  -7.00  19.40 822.12 1021.79 30.17 1728.98
11 30 2015 07 08  -7.00  19.40 821.90 1021.76 30.17 1730.95
11 30 2015 07 09  -7.00  19.40 822.21 1021.82 30.17 1728.39
11 30 2015 07 10  -7.00  19.40 822.09 1021.75 30.17 1728.98
11 30 2015 07 11  -7.00  19.40 822.15 1021.75 30.17 1728.39
11 30 2015 07 12  -7.00  19.40 822.02 1021.70 30.17 1729.27
11 30 2015 07 13  -7.00  19.40 822.11 1021.69 30.17 1728.29
11 30 2015 07 14  -7.00  19.40 821.92 1021.66 30.17 1729.96
11 30 2015 07 15  -6.90  19.58 822.08 1021.64 30.17 1728.88
11 30 2015 07 16  -6.90  19.58 822.17 1021.75 30.17 1728.88
11 30 2015 07 17  -6.90  19.58 821.98 1021.70 30.17 1730.36
11 30 2015 07 18  -6.90  19.58 822.01 1021.67 30.17 1729.77
11 30 2015 07 19  -6.90  19.58 822.07 1021.69 30.17 1729.37
11 30 2015 07 20  -6.90  19.58 822.08 1021.64 30.17 1728.88
11 30 2015 07 21  -6.90  19.58 822.09 1021.68 30.17 1729.08
11 30 2015 07 22  -6.90  19.58 822.07 1021.59 30.17 1728.58
11 30 2015 07 23  -6.90  19.58 822.09 1021.62 30.17 1728.58
11 30 2015 07 24  -6.90  19.58 822.07 1021.68 30.17 1729.27
11 30 2015 07 25  -6.90  19.58 822.11 1021.85 30.18 1730.26
11 30 2015 07 26  -6.90  19.58 822.03 1021.64 30.17 1729.37
11 30 2015 07 27  -6.80  19.76 822.03 1021.62 30.17 1729.87
11 30 2015 07 28  -6.80  19.76 822.02 1021.65 30.17 1730.16
11 30 2015 07 29  -6.80  19.76 822.01 1021.51 30.17 1729.17
11 30 2015 07 30  -6.80  19.76 822.01 1021.67 30.17 1730.46
11 30 2015 07 31  -6.80  19.76 821.96 1021.83 30.17 1732.23
11 30 2015 07 32  -6.80  19.76 821.86 1021.46 30.16 1730.26
11 30 2015 07 33  -6.80  19.76 821.92 1021.54 30.17 1730.26
11 30 2015 07 34  -6.70  19.94 822.04 1021.50 30.16 1729.47
11 30 2015 07 35  -6.70  19.94 822.01 1021.71 30.17 1731.44
11 30 2015 07 36  -6.70  19.94 821.86 1021.35 30.16 1730.06
11 30 2015 07 37  -6.70  19.94 821.89 1021.49 30.16 1730.85
11 30 2015 07 38  -6.70  19.94 821.75 1021.37 30.16 1731.25
11 30 2015 07 39  -6.70  19.94 821.93 1021.57 30.17 1731.05
11 30 2015 07 40  -6.70  19.94 821.86 1021.50 30.16 1731.25
11 30 2015 07 41  -6.70  19.94 821.81 1021.52 30.17 1731.84
11 30 2015 07 42  -6.70  19.94 821.79 1021.28 30.16 1730.16
11 30 2015 07 43  -6.70  19.94 821.86 1021.48 30.16 1731.05
11 30 2015 07 44  -6.70  19.94 821.99 1021.58 30.17 1730.56
11 30 2015 07 45  -6.70  19.94 821.99 1021.53 30.17 1730.16
11 30 2015 07 46  -6.70  19.94 821.93 1021.52 30.17 1730.65
11 30 2015 07 47  -6.70  19.94 821.99 1021.55 30.17 1730.36
11 30 2015 07 48  -6.60  20.12 821.90 1021.43 30.16 1730.95
11 30 2015 07 49  -6.70  19.94 821.93 1021.63 30.17 1731.54
11 30 2015 07 50  -6.70  19.94 821.78 1021.43 30.16 1731.44
11 30 2015 07 51  -6.70  19.94 821.94 1021.63 30.17 1731.44
11 30 2015 07 52  -6.70  19.94 821.85 1021.40 30.16 1730.56
11 30 2015 07 53  -6.70  19.94 821.87 1021.63 30.17 1732.13
11 30 2015 07 54  -6.70  19.94 821.84 1021.57 30.17 1731.94
11 30 2015 07 55  -6.70  19.94 821.83 1021.53 30.17 1731.74
11 30 2015 07 56  -6.70  19.94 821.81 1021.49 30.16 1731.64
11 30 2015 07 57  -6.60  20.12 821.76 1021.19 30.16 1730.36
11 30 2015 07 58  -6.60  20.12 821.78 1021.47 30.16 1732.43
11 30 2015 07 59  -6.60  20.12 821.68 1021.55 30.17 1734.01
11 30 2015 08 00  -6.60  20.12 821.81 1021.41 30.16 1731.64
11 30 2015 08 01  -6.60  20.12 821.79 1021.48 30.16 1732.43
11 30 2015 08 02  -6.60  20.12 821.71 1021.51 30.17 1733.42
11 30 2015 08 03  -6.60  20.12 821.69 1021.31 30.16 1732.04
11 30 2015 08 04  -6.60  20.12 821.81 1021.53 30.17 1732.63
11 30 2015 08 05  -6.60  20.12 821.84 1021.52 30.17 1732.23
11 30 2015 08 06  -6.50  20.30 821.80 1021.36 30.16 1732.04
11 30 2015 08 07  -6.50  20.30 821.78 1021.43 30.16 1732.73
11 30 2015 08 08  -6.50  20.30 821.73 1021.44 30.16 1733.32
11 30 2015 08 09  -6.50  20.30 821.76 1021.40 30.16 1732.73
11 30 2015 08 10  -6.50  20.30 821.67 1021.33 30.16 1733.02
11 30 2015 08 11  -6.50  20.30 821.76 1021.33 30.16 1732.13
11 30 2015 08 12  -6.50  20.30 821.68 1021.24 30.16 1732.23
11 30 2015 08 13  -6.50  20.30 821.71 1021.36 30.16 1732.92
11 30 2015 08 14  -6.50  20.30 821.60 1021.17 30.16 1732.43
11 30 2015 08 15  -6.50  20.30 821.67 1021.38 30.16 1733.42
11 30 2015 08 16  -6.50  20.30 821.60 1021.26 30.16 1733.22
11 30 2015 08 17  -6.40  20.48 821.54 1021.15 30.15 1733.51
11 30 2015 08 18  -6.40  20.48 821.70 1021.30 30.16 1733.12
11 30 2015 08 19  -6.40  20.48 821.63 1021.23 30.16 1733.32
11 30 2015 08 20  -6.50  20.30 821.56 1021.23 30.16 1733.32
11 30 2015 08 21  -6.40  20.48 821.66 1021.27 30.16 1733.32
11 30 2015 08 22  -6.40  20.48 821.66 1021.23 30.16 1733.02
11 30 2015 08 23  -6.40  20.48 821.62 1021.22 30.16 1733.32
11 30 2015 08 24  -6.40  20.48 821.72 1021.41 30.16 1733.81
11 30 2015 08 25  -6.40  20.48 821.70 1021.26 30.16 1732.82
11 30 2015 08 26  -6.40  20.48 821.68 1021.21 30.16 1732.63
11 30 2015 08 27  -6.40  20.48 821.49 1021.02 30.15 1733.02
11 30 2015 08 28  -6.40  20.48 821.62 1021.13 30.15 1732.63
11 30 2015 08 29  -6.40  20.48 821.53 1021.23 30.16 1734.30
11 30 2015 08 30  -6.40  20.48 821.61 1021.22 30.16 1733.42
11 30 2015 08 31  -6.40  20.48 821.56 1021.20 30.16 1733.71
11 30 2015 08 32  -6.40  20.48 821.53 1021.27 30.16 1734.60
11 30 2015 08 33  -6.40  20.48 821.65 1021.31 30.16 1733.71
11 30 2015 08 34  -6.40  20.48 821.57 1021.22 30.16 1733.81
11 30 2015 08 35  -6.40  20.48 821.54 1021.11 30.15 1733.22
11 30 2015 08 36  -6.40  20.48 821.68 1021.54 30.17 1735.29
11 30 2015 08 37  -6.40  20.48 821.61 1021.36 30.16 1734.50
11 30 2015 08 38  -6.40  20.48 821.60 1021.34 30.16 1734.50
11 30 2015 08 39  -6.40  20.48 821.60 1021.32 30.16 1734.30
11 30 2015 08 40  -6.40  20.48 821.64 1021.32 30.16 1733.91
11 30 2015 08 41  -6.40  20.48 821.54 1021.24 30.16 1734.30
11 30 2015 08 42  -6.40  20.48 821.53 1021.17 30.16 1733.81
11 30 2015 08 43  -6.40  20.48 821.51 1021.36 30.16 1735.49
11 30 2015 08 44  -6.40  20.48 821.42 1021.08 30.15 1734.21
11 30 2015 08 45  -6.50  20.30 821.53 1021.30 30.16 1734.21
11 30 2015 08 46  -6.50  20.30 821.56 1021.34 30.16 1734.21
11 30 2015 08 47  -6.50  20.30 821.64 1021.45 30.16 1734.30
11 30 2015 08 48  -6.50  20.30 821.55 1021.49 30.16 1735.49
11 30 2015 08 49  -6.50  20.30 821.57 1021.43 30.16 1734.80
11 30 2015 08 50  -6.50  20.30 821.53 1021.29 30.16 1734.11
11 30 2015 08 51  -6.50  20.30 821.52 1021.40 30.16 1735.09
11 30 2015 08 52  -6.50  20.30 821.50 1021.23 30.16 1733.91
11 30 2015 08 53  -6.50  20.30 821.51 1021.33 30.16 1734.60
11 30 2015 08 54  -6.50  20.30 821.46 1021.34 30.16 1735.19
11 30 2015 08 55  -6.50  20.30 821.54 1021.28 30.16 1733.91
11 30 2015 08 56  -6.50  20.30 821.61 1021.39 30.16 1734.11
11 30 2015 08 57  -6.50  20.30 821.54 1021.34 30.16 1734.40
11 30 2015 08 58  -6.50  20.30 821.54 1021.35 30.16 1734.50
11 30 2015 08 59  -6.50  20.30 821.56 1021.49 30.16 1735.39
11 30 2015 09 00  -6.50  20.30 821.56 1021.38 30.16 1734.50
11 30 2015 09 01  -6.50  20.30 821.53 1021.39 30.16 1734.90
11 30 2015 09 02  -6.50  20.30 821.53 1021.34 30.16 1734.50
11 30 2015 09 03  -6.50  20.30 821.58 1021.33 30.16 1733.91
11 30 2015 09 04  -6.50  20.30 821.50 1021.40 30.16 1735.29
11 30 2015 09 05  -6.50  20.30 821.46 1021.47 30.16 1736.28
11 30 2015 09 06  -6.50  20.30 821.48 1021.28 30.16 1734.50
11 30 2015 09 07  -6.50  20.30 821.49 1021.26 30.16 1734.30
11 30 2015 09 08  -6.50  20.30 821.48 1021.40 30.16 1735.49
11 30 2015 09 09  -6.50  20.30 821.47 1021.35 30.16 1735.19
11 30 2015 09 10  -6.60  20.12 821.50 1021.32 30.16 1734.01
11 30 2015 09 11  -6.60  20.12 821.66 1021.56 30.17 1734.30
11 30 2015 09 12  -6.60  20.12 821.41 1021.38 30.16 1735.39
11 30 2015 09 13  -6.60  20.12 821.44 1021.42 30.16 1735.39
11 30 2015 09 14  -6.60  20.12 821.42 1021.32 30.16 1734.80
11 30 2015 09 15  -6.60  20.12 821.43 1021.38 30.16 1735.19
11 30 2015 09 16  -6.60  20.12 821.38 1021.46 30.16 1736.28
11 30 2015 09 17  -6.60  20.12 821.51 1021.45 30.16 1734.90
11 30 2015 09 18  -6.60  20.12 821.44 1021.49 30.16 1735.98
11 30 2015 09 19  -6.60  20.12 821.43 1021.53 30.17 1736.38
11 30 2015 09 20  -6.60  20.12 821.45 1021.41 30.16 1735.19
11 30 2015 09 21  -6.60  20.12 821.24 1021.17 30.16 1735.39
11 30 2015 09 22  -6.60  20.12 821.36 1021.36 30.16 1735.69
11 30 2015 09 23  -6.60  20.12 821.39 1021.32 30.16 1735.09
11 30 2015 09 24  -6.60  20.12 821.49 1021.42 30.16 1734.90
11 30 2015 09 25  -6.60  20.12 821.45 1021.41 30.16 1735.19
11 30 2015 09 26  -6.60  20.12 821.44 1021.54 30.17 1736.38
11 30 2015 09 27  -6.60  20.12 821.56 1021.52 30.17 1734.99
11 30 2015 09 28  -6.60  20.12 821.45 1021.40 30.16 1735.09
11 30 2015 09 29  -6.60  20.12 821.49 1021.49 30.16 1735.49
11 30 2015 09 30  -6.60  20.12 821.50 1021.43 30.16 1734.90
11 30 2015 09 31  -6.60  20.12 821.48 1021.43 30.16 1735.09
11 30 2015 09 32  -6.60  20.12 821.49 1021.48 30.16 1735.39
11 30 2015 09 33  -6.60  20.12 821.37 1021.27 30.16 1734.90
11 30 2015 09 34  -6.60  20.12 821.49 1021.28 30.16 1733.81
11 30 2015 09 35  -6.60  20.12 821.52 1021.46 30.16 1734.90
11 30 2015 09 36  -6.60  20.12 821.51 1021.37 30.16 1734.30
11 30 2015 09 37  -6.60  20.12 821.53 1021.43 30.16 1734.60
11 30 2015 09 38  -6.60  20.12 821.52 1021.64 30.17 1736.38
11 30 2015 09 39  -6.60  20.12 821.49 1021.36 30.16 1734.40
11 30 2015 09 40  -6.60  20.12 821.49 1021.61 30.17 1736.38
11 30 2015 09 41  -6.60  20.12 821.53 1021.47 30.16 1734.90
11 30 2015 09 42  -6.60  20.12 821.48 1021.41 30.16 1734.90
11 30 2015 09 43  -6.60  20.12 821.50 1021.38 30.16 1734.50
11 30 2015 09 44  -6.60  20.12 821.51 1021.42 30.16 1734.70
11 30 2015 09 45  -6.60  20.12 821.45 1021.35 30.16 1734.70
11 30 2015 09 46  -6.60  20.12 821.49 1021.35 30.16 1734.30
11 30 2015 09 47  -6.60  20.12 821.50 1021.37 30.16 1734.40
11 30 2015 09 48  -6.60  20.12 821.52 1021.38 30.16 1734.30
11 30 2015 09 49  -6.60  20.12 821.54 1021.42 30.16 1734.40
11 30 2015 09 50  -6.60  20.12 821.55 1021.43 30.16 1734.40
11 30 2015 09 51  -6.60  20.12 821.51 1021.45 30.16 1734.90
11 30 2015 09 52  -6.60  20.12 821.47 1021.36 30.16 1734.60
11 30 2015 09 53  -6.60  20.12 821.48 1021.32 30.16 1734.21
11 30 2015 09 54  -6.60  20.12 821.30 1021.05 30.15 1733.81
11 30 2015 09 55  -6.60  20.12 821.49 1021.42 30.16 1734.90
11 30 2015 09 56  -6.60  20.12 821.48 1021.40 30.16 1734.80
11 30 2015 09 57  -6.60  20.12 821.49 1021.48 30.16 1735.39
11 30 2015 09 58  -6.60  20.12 821.41 1021.26 30.16 1734.40
11 30 2015 09 59  -6.60  20.12 821.52 1021.45 30.16 1734.80
11 30 2015 10 00  -6.60  20.12 821.54 1021.41 30.16 1734.30
11 30 2015 10 01  -6.60  20.12 821.34 1021.33 30.16 1735.69
11 30 2015 10 02  -6.60  20.12 821.39 1021.31 30.16 1734.99
11 30 2015 10 03  -6.60  20.12 821.46 1021.38 30.16 1734.90
11 30 2015 10 04  -6.60  20.12 821.42 1021.27 30.16 1734.40
11 30 2015 10 05  -6.60  20.12 821.51 1021.40 30.16 1734.50
11 30 2015 10 06  -6.60  20.12 821.40 1021.47 30.16 1736.18
11 30 2015 10 07  -6.60  20.12 821.43 1021.32 30.16 1734.70
11 30 2015 10 08  -6.60  20.12 821.44 1021.40 30.16 1735.19
11 30 2015 10 09  -6.60  20.12 821.46 1021.41 30.16 1735.09
11 30 2015 10 10  -6.60  20.12 821.37 1021.46 30.16 1736.38
11 30 2015 10 11  -6.60  20.12 821.37 1021.37 30.16 1735.69
11 30 2015 10 12  -6.60  20.12 821.46 1021.37 30.16 1734.80
11 30 2015 10 13  -6.60  20.12 821.43 1021.40 30.16 1735.29
11 30 2015 10 14  -6.60  20.12 821.48 1021.56 30.17 1736.08
11 30 2015 10 15  -6.60  20.12 821.43 1021.42 30.16 1735.49
11 30 2015 10 16  -6.60  20.12 821.35 1021.44 30.16 1736.48
11 30 2015 10 17  -6.60  20.12 821.40 1021.66 30.17 1737.66
11 30 2015 10 18  -6.60  20.12 821.40 1021.43 30.16 1735.88
11 30 2015 10 19  -6.60  20.12 821.44 1021.56 30.17 1736.48
11 30 2015 10 20  -6.60  20.12 821.46 1021.46 30.16 1735.49
11 30 2015 10 21  -6.60  20.12 821.50 1021.41 30.16 1734.70
11 30 2015 10 22  -6.60  20.12 821.42 1021.43 30.16 1735.69
11 30 2015 10 23  -6.60  20.12 821.39 1021.41 30.16 1735.78
11 30 2015 10 24  -6.60  20.12 821.39 1021.41 30.16 1735.78
11 30 2015 10 25  -6.60  20.12 821.39 1021.49 30.16 1736.48
11 30 2015 10 26  -6.60  20.12 821.49 1021.40 30.16 1734.70
11 30 2015 10 27  -6.60  20.12 821.38 1021.35 30.16 1735.39
11 30 2015 10 28  -6.60  20.12 821.40 1021.43 30.16 1735.88
11 30 2015 10 29  -6.60  20.12 821.36 1021.49 30.16 1736.77
11 30 2015 10 30  -6.60  20.12 821.40 1021.40 30.16 1735.59
11 30 2015 10 31  -6.60  20.12 821.32 1021.37 30.16 1736.18
11 30 2015 10 32  -6.60  20.12 821.40 1021.40 30.16 1735.59
11 30 2015 10 33  -6.60  20.12 821.36 1021.51 30.17 1736.87
11 30 2015 10 34  -6.60  20.12 821.41 1021.49 30.16 1736.28
11 30 2015 10 35  -6.60  20.12 821.30 1021.36 30.16 1736.28
11 30 2015 10 36  -6.60  20.12 821.42 1021.46 30.16 1735.88
11 30 2015 10 37  -6.60  20.12 821.28 1021.33 30.16 1736.28
11 30 2015 10 38  -6.70  19.94 821.26 1021.33 30.16 1735.78
11 30 2015 10 39  -6.70  19.94 821.22 1021.44 30.16 1737.07
11 30 2015 10 40  -6.70  19.94 821.41 1021.46 30.16 1735.39
11 30 2015 10 41  -6.70  19.94 821.34 1021.51 30.17 1736.48
11 30 2015 10 42  -6.70  19.94 821.27 1021.53 30.17 1737.26
11 30 2015 10 43  -6.70  19.94 821.30 1021.51 30.17 1736.87
11 30 2015 10 44  -6.70  19.94 821.22 1021.46 30.16 1737.26
11 30 2015 10 45  -6.70  19.94 821.29 1021.49 30.16 1736.77
11 30 2015 10 46  -6.70  19.94 821.31 1021.53 30.17 1736.87
11 30 2015 10 47  -6.70  19.94 821.26 1021.33 30.16 1735.78
11 30 2015 10 48  -6.70  19.94 821.30 1021.46 30.16 1736.48
11 30 2015 10 49  -6.70  19.94 821.35 1021.40 30.16 1735.49
11 30 2015 10 50  -6.70  19.94 821.10 1021.31 30.16 1737.26
11 30 2015 10 51  -6.70  19.94 821.23 1021.41 30.16 1736.77
11 30 2015 10 52  -6.70  19.94 821.32 1021.56 30.17 1737.07
11 30 2015 10 53  -6.70  19.94 821.39 1021.68 30.17 1737.26
11 30 2015 10 54  -6.70  19.94 821.21 1021.48 30.16 1737.46
11 30 2015 10 55  -6.70  19.94 821.37 1021.70 30.17 1737.66
11 30 2015 10 56  -6.70  19.94 821.31 1021.44 30.16 1736.18
11 30 2015 10 57  -6.70  19.94 821.31 1021.44 30.16 1736.18
11 30 2015 10 58  -6.70  19.94 821.29 1021.50 30.16 1736.87
11 30 2015 10 59  -6.70  19.94 821.36 1021.58 30.17 1736.77
11 30 2015 11 00  -6.70  19.94 821.37 1021.60 30.17 1736.87
11 30 2015 11 01  -6.70  19.94 821.26 1021.59 30.17 1737.86
11 30 2015 11 02  -6.70  19.94 821.30 1021.59 30.17 1737.46
11 30 2015 11 03  -6.70  19.94 821.27 1021.33 30.16 1735.69
11 30 2015 11 04  -6.70  19.94 821.18 1021.44 30.16 1737.46
11 30 2015 11 05  -6.80  19.76 821.23 1021.46 30.16 1736.48
11 30 2015 11 06  -6.70  19.94 821.37 1021.66 30.17 1737.36
11 30 2015 11 07  -6.80  19.76 821.27 1021.57 30.17 1736.97
11 30 2015 11 08  -6.80  19.76 821.37 1021.67 30.17 1736.77
11 30 2015 11 09  -6.80  19.76 821.31 1021.60 30.17 1736.77
11 30 2015 11 10  -6.80  19.76 821.28 1021.55 30.17 1736.67
11 30 2015 11 11  -6.80  19.76 821.29 1021.65 30.17 1737.36
11 30 2015 11 12  -6.80  19.76 821.25 1021.52 30.17 1736.77
11 30 2015 11 13  -6.80  19.76 821.21 1021.43 30.16 1736.48
11 30 2015 11 14  -6.80  19.76 821.30 1021.58 30.17 1736.77
11 30 2015 11 15  -6.80  19.76 821.19 1021.37 30.16 1736.18
11 30 2015 11 16  -6.90  19.58 821.20 1021.58 30.17 1737.07
11 30 2015 11 17  -6.90  19.58 821.19 1021.62 30.17 1737.46
11 30 2015 11 18  -6.90  19.58 821.26 1021.67 30.17 1737.17
11 30 2015 11 19  -6.90  19.58 821.30 1021.72 30.17 1737.17
11 30 2015 11 20  -6.90  19.58 821.36 1021.77 30.17 1736.97
11 30 2015 11 21  -6.90  19.58 821.35 1021.69 30.17 1736.48
11 30 2015 11 22  -6.90  19.58 821.20 1021.64 30.17 1737.56
11 30 2015 11 23  -6.90  19.58 821.38 1021.81 30.17 1737.17
11 30 2015 11 24  -6.90  19.58 821.28 1021.74 30.17 1737.56
11 30 2015 11 25  -6.90  19.58 821.26 1021.63 30.17 1736.87
11 30 2015 11 26  -6.90  19.58 821.31 1021.76 30.17 1737.46
11 30 2015 11 27  -6.90  19.58 821.21 1021.73 30.17 1738.15
11 30 2015 11 28  -6.90  19.58 821.24 1021.67 30.17 1737.36
11 30 2015 11 29  -6.90  19.58 821.21 1021.68 30.17 1737.76
11 30 2015 11 30  -7.00  19.40 821.27 1021.81 30.17 1737.56
11 30 2015 11 31  -7.00  19.40 821.28 1021.85 30.18 1737.76
11 30 2015 11 32  -7.00  19.40 821.25 1021.62 30.17 1736.28
11 30 2015 11 33  -7.00  19.40 821.36 1021.76 30.17 1736.28
11 30 2015 11 34  -7.00  19.40 821.34 1021.91 30.18 1737.66
11 30 2015 11 35  -7.00  19.40 821.29 1021.83 30.17 1737.56
11 30 2015 11 36  -7.00  19.40 821.31 1021.75 30.17 1736.67
11 30 2015 11 37  -7.00  19.40 821.21 1021.66 30.17 1736.97
11 30 2015 11 38  -7.10  19.22 821.20 1021.69 30.17 1736.67
11 30 2015 11 39  -7.10  19.22 821.28 1021.82 30.17 1736.87
11 30 2015 11 40  -7.10  19.22 821.22 1021.80 30.17 1737.36
11 30 2015 11 41  -7.10  19.22 821.30 1021.83 30.17 1736.77
11 30 2015 11 42  -7.10  19.22 821.13 1021.71 30.17 1737.46
11 30 2015 11 43  -7.10  19.22 821.10 1021.64 30.17 1737.26
11 30 2015 11 44  -7.10  19.22 821.28 1021.83 30.17 1736.97
11 30 2015 11 45  -7.20  19.04 821.26 1021.89 30.18 1736.97
11 30 2015 11 46  -7.20  19.04 821.16 1021.84 30.17 1737.56
11 30 2015 11 47  -7.20  19.04 821.29 1021.92 30.18 1736.97
11 30 2015 11 48  -7.20  19.04 821.20 1021.85 30.18 1737.26
11 30 2015 11 49  -7.30  18.86 821.21 1021.88 30.18 1736.77
11 30 2015 11 50  -7.30  18.86 821.21 1021.98 30.18 1737.56
11 30 2015 11 51  -7.30  18.86 821.05 1021.99 30.18 1739.24
11 30 2015 11 52  -7.30  18.86 821.29 1022.07 30.18 1737.46
11 30 2015 11 53  -7.30  18.86 821.28 1022.23 30.19 1738.84
11 30 2015 11 54  -7.30  18.86 821.24 1022.28 30.19 1739.63
11 30 2015 11 55  -7.30  18.86 821.14 1021.87 30.18 1737.36
11 30 2015 11 56  -7.40  18.68 821.04 1021.82 30.17 1737.26
11 30 2015 11 57  -7.40  18.68 821.17 1022.00 30.18 1737.46
11 30 2015 11 58  -7.40  18.68 821.16 1022.00 30.18 1737.56
11 30 2015 11 59  -7.40  18.68 821.15 1022.05 30.18 1738.05
11 30 2015 12 00  -7.50  18.50 821.14 1022.18 30.19 1738.55
11 30 2015 12 01  -7.50  18.50 821.15 1022.05 30.18 1737.36
11 30 2015 12 02  -7.50  18.50 821.17 1022.16 30.18 1738.05
11 30 2015 12 03  -7.50  18.50 821.20 1022.20 30.19 1738.05
11 30 2015 12 04  -7.50  18.50 821.17 1022.15 30.18 1737.96
11 30 2015 12 05  -7.60  18.32 821.14 1022.13 30.18 1737.46
11 30 2015 12 06  -7.60  18.32 821.16 1022.39 30.19 1739.34
11 30 2015 12 07  -7.60  18.32 821.18 1022.25 30.19 1738.05
11 30 2015 12 08  -7.70  18.14 821.11 1022.34 30.19 1738.75
11 30 2015 12 09  -7.70  18.14 821.09 1022.20 30.19 1737.86
11 30 2015 12 10  -7.70  18.14 821.14 1022.26 30.19 1737.86
11 30 2015 12 11  -7.80  17.96 821.21 1022.62 30.20 1739.34
11 30 2015 12 12  -7.80  17.96 821.02 1022.56 30.20 1740.72
11 30 2015 12 13  -7.80  17.96 820.96 1022.17 30.18 1738.25
11 30 2015 12 14  -7.90  17.78 821.07 1022.51 30.19 1739.24
11 30 2015 12 15  -7.90  17.78 821.08 1022.45 30.19 1738.65
11 30 2015 12 16  -8.00  17.60 821.09 1022.59 30.20 1738.94
11 30 2015 12 17  -8.00  17.60 821.03 1022.46 30.19 1738.55
11 30 2015 12 18  -8.10  17.42 821.05 1022.66 30.20 1739.24
11 30 2015 12 19  -8.10  17.42 820.84 1022.48 30.19 1739.93
11 30 2015 12 20  -8.20  17.24 821.08 1022.75 30.20 1739.04
11 30 2015 12 21  -8.20  17.24 821.16 1022.99 30.21 1740.13
11 30 2015 12 22  -8.20  17.24 821.03 1022.79 30.20 1739.83
11 30 2015 12 23  -8.30  17.06 821.05 1022.82 30.20 1739.24
11 30 2015 12 24  -8.30  17.06 821.03 1022.72 30.20 1738.65
11 30 2015 12 25  -8.30  17.06 821.02 1022.78 30.20 1739.24
11 30 2015 12 26  -8.40  16.88 820.95 1022.87 30.21 1739.93
11 30 2015 12 27  -8.40  16.88 821.07 1022.97 30.21 1739.53
11 30 2015 12 28  -8.40  16.88 820.98 1022.86 30.20 1739.53
11 30 2015 12 29  -8.50  16.70 821.03 1023.18 30.21 1740.92
11 30 2015 12 30  -8.50  16.70 820.96 1022.89 30.21 1739.34
11 30 2015 12 31  -8.50  16.70 821.03 1023.06 30.21 1740.03
11 30 2015 12 32  -8.60  16.52 820.87 1022.86 30.21 1739.34
11 30 2015 12 33  -8.60  16.52 821.05 1023.10 30.21 1739.44
11 30 2015 12 34  -8.60  16.52 821.10 1023.10 30.21 1738.94
11 30 2015 12 35  -8.70  16.34 821.03 1023.21 30.22 1739.83
11 30 2015 12 36  -8.70  16.34 821.14 1023.30 30.22 1739.53
11 30 2015 12 37  -8.80  16.16 820.93 1023.19 30.21 1740.03
11 30 2015 12 38  -8.90  15.98 821.04 1023.43 30.22 1740.23
11 30 2015 12 39  -8.90  15.98 821.09 1023.36 30.22 1739.14
11 30 2015 12 40  -9.00  15.80 820.83 1023.36 30.22 1741.02
11 30 2015 12 41  -9.00  15.80 821.00 1023.34 30.22 1739.24
11 30 2015 12 42  -9.00  15.80 821.06 1023.37 30.22 1738.84
11 30 2015 12 43  -9.10  15.62 821.01 1023.30 30.22 1738.15
11 30 2015 12 44  -9.10  15.62 821.08 1023.64 30.23 1740.13
11 30 2015 12 45  -9.20  15.44 821.19 1023.62 30.23 1738.25
11 30 2015 12 46  -9.20  15.44 821.11 1023.58 30.23 1738.75
11 30 2015 12 47  -9.30  15.26 821.09 1023.67 30.23 1738.94
11 30 2015 12 48  -9.30  15.26 821.05 1023.62 30.23 1738.94
11 30 2015 12 49  -9.20  15.44 821.15 1023.53 30.22 1737.96
11 30 2015 12 50  -9.20  15.44 821.17 1023.84 30.23 1740.13
11 30 2015 12 51  -9.20  15.44 821.24 1023.78 30.23 1739.04
11 30 2015 12 52  -9.20  15.44 821.14 1023.56 30.23 1738.25
11 30 2015 12 53  -9.20  15.44 821.16 1023.51 30.22 1737.66
11 30 2015 12 54  -9.10  15.62 821.23 1023.51 30.22 1737.66
11 30 2015 12 55  -9.10  15.62 820.99 1023.18 30.21 1737.36
11 30 2015 12 56  -9.10  15.62 821.11 1023.43 30.22 1738.15
11 30 2015 12 57  -9.10  15.62 821.15 1023.51 30.22 1738.45
11 30 2015 12 58  -9.10  15.62 821.10 1023.40 30.22 1738.05
11 30 2015 12 59  -9.10  15.62 821.17 1023.41 30.22 1737.46
11 30 2015 13 00  -9.10  15.62 821.35 1023.65 30.23 1737.56
11 30 2015 13 01  -9.10  15.62 821.22 1023.49 30.22 1737.56
11 30 2015 13 02  -9.10  15.62 821.21 1023.54 30.23 1738.05
11 30 2015 13 03  -9.10  15.62 821.25 1023.32 30.22 1735.98
11 30 2015 13 04  -9.00  15.80 821.28 1023.43 30.22 1737.17
11 30 2015 13 05  -9.00  15.80 821.22 1023.43 30.22 1737.76
11 30 2015 13 06  -8.90  15.98 821.19 1023.36 30.22 1738.15
11 30 2015 13 07  -8.80  16.16 821.34 1023.22 30.22 1736.28
11 30 2015 13 08  -8.80  16.16 821.26 1023.10 30.21 1736.08
11 30 2015 13 09  -8.70  16.34 821.29 1023.08 30.21 1736.28
11 30 2015 13 10  -8.70  16.34 821.32 1023.27 30.22 1737.46
11 30 2015 13 11  -8.70  16.34 821.39 1023.27 30.22 1736.77
11 30 2015 13 12  -8.70  16.34 821.31 1023.04 30.21 1735.78
11 30 2015 13 13  -8.70  16.34 821.24 1023.09 30.21 1736.87
11 30 2015 13 14  -8.60  16.52 821.40 1023.03 30.21 1735.49
11 30 2015 13 15  -8.60  16.52 821.32 1022.92 30.21 1735.39
11 30 2015 13 16  -8.50  16.70 821.37 1023.14 30.21 1737.26
11 30 2015 13 17  -8.50  16.70 821.38 1022.92 30.21 1735.49
11 30 2015 13 18  -8.40  16.88 821.39 1022.87 30.21 1735.59
11 30 2015 13 19  -8.40  16.88 821.38 1022.79 30.20 1735.09
11 30 2015 13 20  -8.30  17.06 821.38 1022.78 30.20 1735.69
11 30 2015 13 21  -8.20  17.24 821.39 1022.74 30.20 1735.88
11 30 2015 13 22  -8.20  17.24 821.39 1022.61 30.20 1734.90
11 30 2015 13 23  -8.20  17.24 821.44 1022.96 30.21 1737.17
11 30 2015 13 24  -8.10  17.42 821.34 1022.59 30.20 1735.88
11 30 2015 13 25  -8.10  17.42 821.40 1022.54 30.20 1734.90
11 30 2015 13 26  -8.00  17.60 821.55 1022.60 30.20 1734.50
11 30 2015 13 27  -8.00  17.60 821.60 1022.58 30.20 1733.91
11 30 2015 13 28  -8.00  17.60 821.39 1022.35 30.19 1734.11
11 30 2015 13 29  -7.90  17.78 821.58 1022.51 30.19 1734.21
11 30 2015 13 30  -7.90  17.78 821.56 1022.46 30.19 1734.01
11 30 2015 13 31  -7.90  17.78 821.61 1022.51 30.19 1733.91
11 30 2015 13 32  -7.80  17.96 821.48 1022.38 30.19 1734.80
11 30 2015 13 33  -7.80  17.96 821.63 1022.56 30.20 1734.70
11 30 2015 13 34  -7.80  17.96 821.67 1022.39 30.19 1733.02
11 30 2015 13 35  -7.70  18.14 821.71 1022.40 30.19 1733.32
11 30 2015 13 36  -7.70  18.14 821.67 1022.30 30.19 1732.92
11 30 2015 13 37  -7.70  18.14 821.65 1022.37 30.19 1733.71
11 30 2015 13 38  -7.70  18.14 821.62 1022.22 30.19 1732.82
11 30 2015 13 39  -7.70  18.14 821.58 1022.21 30.19 1733.12
11 30 2015 13 40  -7.70  18.14 821.62 1022.41 30.19 1734.30
11 30 2015 13 41  -7.70  18.14 821.63 1022.34 30.19 1733.61
11 30 2015 13 42  -7.70  18.14 821.48 1022.27 30.19 1734.60
11 30 2015 13 43  -7.60  18.32 821.65 1022.33 30.19 1734.01
11 30 2015 13 44  -7.60  18.32 821.65 1022.30 30.19 1733.81
11 30 2015 13 45  -7.60  18.32 821.63 1022.25 30.19 1733.61
11 30 2015 13 46  -7.60  18.32 821.61 1022.14 30.18 1732.92
11 30 2015 13 47  -7.60  18.32 821.70 1022.22 30.19 1732.63
11 30 2015 13 48  -7.50  18.50 821.65 1022.17 30.18 1733.42
11 30 2015 13 49  -7.50  18.50 821.65 1022.17 30.18 1733.42
11 30 2015 13 50  -7.50  18.50 821.66 1022.06 30.18 1732.43
11 30 2015 13 51  -7.50  18.50 821.55 1022.10 30.18 1733.81
11 30 2015 13 52  -7.40  18.68 821.62 1022.03 30.18 1733.22
11 30 2015 13 53  -7.40  18.68 821.63 1022.13 30.18 1733.91
11 30 2015 13 54  -7.40  18.68 821.61 1022.11 30.18 1734.01
11 30 2015 13 55  -7.40  18.68 821.72 1022.18 30.18 1733.42
11 30 2015 13 56  -7.40  18.68 821.60 1022.03 30.18 1733.42
11 30 2015 13 57  -7.40  18.68 821.58 1022.05 30.18 1733.81
11 30 2015 13 58  -7.40  18.68 821.64 1022.05 30.18 1733.22
11 30 2015 13 59  -7.40  18.68 821.52 1021.85 30.18 1732.82
11 30 2015 14 00  -7.30  18.86 821.70 1021.98 30.18 1732.73
11 30 2015 14 01  -7.30  18.86 821.48 1021.70 30.17 1732.63
11 30 2015 14 02  -7.30  18.86 821.70 1022.02 30.18 1733.02
11 30 2015 14 03  -7.30  18.86 821.66 1021.97 30.18 1733.02
11 30 2015 14 04  -7.30  18.86 821.68 1022.08 30.18 1733.71
11 30 2015 14 05  -7.30  18.86 821.76 1022.03 30.18 1732.53
11 30 2015 14 06  -7.30  18.86 821.80 1022.18 30.18 1733.32
11 30 2015 14 07  -7.30  18.86 821.73 1022.01 30.18 1732.63
11 30 2015 14 08  -7.30  18.86 821.81 1022.07 30.18 1732.33
11 30 2015 14 09  -7.30  18.86 821.77 1022.07 30.18 1732.73
11 30 2015 14 10  -7.30  18.86 821.53 1021.68 30.17 1732.04
11 30 2015 14 11  -7.30  18.86 821.75 1021.98 30.18 1732.23
11 30 2015 14 12  -7.30  18.86 821.72 1021.91 30.18 1731.94
11 30 2015 14 13  -7.20  19.04 821.64 1021.75 30.17 1732.13
11 30 2015 14 14  -7.20  19.04 821.65 1021.89 30.18 1733.12
11 30 2015 14 15  -7.30  18.86 821.63 1021.96 30.18 1733.22
11 30 2015 14 16  -7.20  19.04 821.67 1021.96 30.18 1733.51
11 30 2015 14 17  -7.20  19.04 821.68 1021.91 30.18 1733.02
11 30 2015 14 18  -7.20  19.04 821.66 1021.85 30.18 1732.73
11 30 2015 14 19  -7.20  19.04 821.63 1021.91 30.18 1733.51
11 30 2015 14 20  -7.20  19.04 821.52 1021.70 30.17 1732.92
11 30 2015 14 21  -7.20  19.04 821.79 1021.97 30.18 1732.43
11 30 2015 14 22  -7.20  19.04 821.62 1021.66 30.17 1731.64
11 30 2015 14 23  -7.20  19.04 821.87 1021.91 30.18 1731.15
11 30 2015 14 24  -7.20  19.04 821.77 1022.05 30.18 1733.22
11 30 2015 14 25  -7.10  19.22 821.75 1021.78 30.17 1731.94
11 30 2015 14 26  -7.10  19.22 821.71 1021.71 30.17 1731.74
11 30 2015 14 27  -7.10  19.22 821.73 1021.71 30.17 1731.54
11 30 2015 14 28  -7.10  19.22 821.76 1021.89 30.18 1732.73
11 30 2015 14 29  -7.10  19.22 821.78 1021.76 30.17 1731.44
11 30 2015 14 30  -7.10  19.22 821.80 1021.84 30.18 1731.94
11 30 2015 14 31  -7.10  19.22 821.84 1021.84 30.18 1731.54
11 30 2015 14 32  -7.10  19.22 821.81 1021.89 30.18 1732.23
11 30 2015 14 33  -7.10  19.22 821.78 1021.77 30.17 1731.54
11 30 2015 14 34  -7.10  19.22 821.78 1021.82 30.17 1731.94
11 30 2015 14 35  -7.10  19.22 821.84 1022.12 30.18 1733.71
11 30 2015 14 36  -7.10  19.22 821.78 1021.81 30.17 1731.84
11 30 2015 14 37  -7.10  19.22 821.73 1021.84 30.18 1732.63
11 30 2015 14 38  -7.10  19.22 821.76 1021.67 30.17 1730.95
11 30 2015 14 39  -7.10  19.22 821.86 1021.83 30.17 1731.25
11 30 2015 14 40  -7.10  19.22 821.73 1021.71 30.17 1731.54
11 30 2015 14 41  -7.10  19.22 821.76 1021.82 30.17 1732.13
11 30 2015 14 42  -7.10  19.22 821.85 1021.91 30.18 1731.94
11 30 2015 14 43  -7.10  19.22 821.70 1021.79 30.17 1732.53
11 30 2015 14 44  -7.10  19.22 821.73 1021.94 30.18 1733.42
11 30 2015 14 45  -7.10  19.22 821.73 1021.71 30.17 1731.54
11 30 2015 14 46  -7.10  19.22 821.80 1021.88 30.18 1732.23
11 30 2015 14 47  -7.00  19.40 821.79 1021.70 30.17 1731.54
11 30 2015 14 48  -7.00  19.40 821.81 1021.82 30.17 1732.33
11 30 2015 14 49  -7.00  19.40 821.73 1021.90 30.18 1733.71
11 30 2015 14 50  -7.00  19.40 821.70 1021.69 30.17 1732.33
11 30 2015 14 51  -7.00  19.40 821.80 1021.91 30.18 1733.12
11 30 2015 14 52  -6.90  19.58 821.75 1021.68 30.17 1732.43
11 30 2015 14 53  -6.90  19.58 821.85 1021.74 30.17 1731.94
11 30 2015 14 54  -6.90  19.58 821.81 1021.69 30.17 1731.94
11 30 2015 14 55  -6.90  19.58 821.78 1021.75 30.17 1732.73
11 30 2015 14 56  -6.80  19.76 821.79 1021.56 30.17 1731.74
11 30 2015 14 57  -6.80  19.76 821.82 1021.68 30.17 1732.43
11 30 2015 14 58  -6.80  19.76 821.81 1021.56 30.17 1731.54
11 30 2015 14 59  -6.80  19.76 821.77 1021.57 30.17 1732.04
11 30 2015 15 00  -6.70  19.94 821.81 1021.40 30.16 1730.95
11 30 2015 15 01  -6.80  19.76 821.81 1021.61 30.17 1731.94
11 30 2015 15 02  -6.80  19.76 821.88 1021.63 30.17 1731.44
11 30 2015 15 03  -6.90  19.58 821.82 1021.62 30.17 1731.25
11 30 2015 15 04  -6.90  19.58 821.75 1021.64 30.17 1732.13
11 30 2015 15 05  -6.90  19.58 821.97 1021.89 30.18 1731.94
11 30 2015 15 06  -6.90  19.58 821.68 1021.58 30.17 1732.33
11 30 2015 15 07  -6.80  19.76 821.87 1021.62 30.17 1731.44
11 30 2015 15 08  -6.80  19.76 821.83 1021.70 30.17 1732.43
11 30 2015 15 09  -6.80  19.76 821.81 1021.56 30.17 1731.54
11 30 2015 15 10  -6.70  19.94 821.78 1021.50 30.16 1732.04
11 30 2015 15 11  -6.70  19.94 821.61 1021.29 30.16 1732.04
11 30 2015 15 12  -6.70  19.94 821.70 1021.45 30.16 1732.43
11 30 2015 15 13  -6.70  19.94 821.75 1021.64 30.17 1733.42
11 30 2015 15 14  -6.80  19.76 821.70 1021.51 30.17 1732.23
11 30 2015 15 15  -6.70  19.94 821.74 1021.59 30.17 1733.12
11 30 2015 15 16  -6.70  19.94 821.68 1021.39 30.16 1732.13
11 30 2015 15 17  -6.60  20.12 821.65 1021.31 30.16 1732.43
11 30 2015 15 18  -6.60  20.12 821.77 1021.47 30.16 1732.53
11 30 2015 15 19  -6.50  20.30 821.65 1021.23 30.16 1732.43
11 30 2015 15 20  -6.50  20.30 821.73 1021.28 30.16 1732.04
11 30 2015 15 21  -6.50  20.30 821.73 1021.55 30.17 1734.21
11 30 2015 15 22  -6.40  20.48 821.71 1021.18 30.16 1732.13
11 30 2015 15 23  -6.40  20.48 821.85 1021.31 30.16 1731.74
11 30 2015 15 24  -6.40  20.48 821.81 1021.43 30.16 1733.12
11 30 2015 15 25  -6.30  20.66 821.80 1021.20 30.16 1732.04
11 30 2015 15 26  -6.30  20.66 821.89 1021.26 30.16 1731.64
11 30 2015 15 27  -6.30  20.66 821.91 1021.29 30.16 1731.64
11 30 2015 15 28  -6.20  20.84 821.79 1021.02 30.15 1731.34
11 30 2015 15 29  -6.20  20.84 821.90 1020.98 30.15 1729.96
11 30 2015 15 30  -6.20  20.84 821.78 1020.97 30.15 1731.05
11 30 2015 15 31  -6.20  20.84 821.83 1021.06 30.15 1731.25
11 30 2015 15 32  -6.20  20.84 821.86 1021.11 30.15 1731.34
11 30 2015 15 33  -6.20  20.84 821.88 1021.37 30.16 1733.22
11 30 2015 15 34  -6.30  20.66 821.91 1021.17 30.15 1730.65
11 30 2015 15 35  -6.20  20.84 821.81 1021.01 30.15 1731.05
11 30 2015 15 36  -6.20  20.84 821.79 1021.16 30.15 1732.43
11 30 2015 15 37  -6.30  20.66 821.78 1021.10 30.15 1731.44
11 30 2015 15 38  -6.30  20.66 821.85 1021.16 30.15 1731.25
11 30 2015 15 39  -6.40  20.48 821.73 1021.22 30.16 1732.23
11 30 2015 15 40  -6.40  20.48 821.81 1021.28 30.16 1731.94
11 30 2015 15 41  -6.40  20.48 821.81 1021.23 30.16 1731.54
11 30 2015 15 42  -6.30  20.66 821.87 1021.19 30.16 1731.25
11 30 2015 15 43  -6.20  20.84 821.69 1021.06 30.15 1732.63
11 30 2015 15 44  -6.10  21.02 821.67 1021.05 30.15 1733.42
11 30 2015 15 45  -6.10  21.02 821.74 1021.11 30.15 1733.22
11 30 2015 15 46  -6.10  21.02 821.60 1021.12 30.15 1734.70
11 30 2015 15 47  -6.00  21.20 821.56 1020.77 30.14 1732.92
11 30 2015 15 48  -6.00  21.20 821.67 1020.96 30.15 1733.32
11 30 2015 15 49  -5.90  21.38 821.56 1020.92 30.15 1734.80
11 30 2015 15 50  -5.70  21.74 821.57 1020.71 30.14 1734.30
11 30 2015 15 51  -5.50  22.10 821.59 1020.51 30.14 1733.81
11 30 2015 15 52  -5.30  22.46 821.65 1020.38 30.13 1733.42
11 30 2015 15 53  -5.10  22.82 821.61 1020.17 30.13 1733.42
11 30 2015 15 54  -4.80  23.36 821.75 1019.96 30.12 1732.33
11 30 2015 15 55  -4.70  23.54 821.63 1019.89 30.12 1733.61
11 30 2015 15 56  -4.40  24.08 821.51 1019.66 30.11 1734.90
11 30 2015 15 57  -4.10  24.62 821.47 1019.43 30.10 1735.39
11 30 2015 15 58  -3.80  25.16 821.51 1019.27 30.10 1735.59
11 30 2015 15 59  -3.40  25.88 821.38 1018.66 30.08 1734.60
11 30 2015 16 00  -3.00  26.60 821.47 1018.56 30.08 1735.39
11 30 2015 16 01  -2.60  27.32 821.43 1018.13 30.07 1734.90
11 30 2015 16 02  -2.20  28.04 821.53 1017.85 30.06 1734.21
11 30 2015 16 03  -1.80  28.76 821.53 1017.54 30.05 1734.21
11 30 2015 16 04  -1.80  28.76 821.59 1017.46 30.05 1733.02
11 30 2015 16 05  -1.70  28.94 821.54 1017.47 30.05 1734.21
11 30 2015 16 06  -1.60  29.12 821.63 1017.41 30.04 1733.42
11 30 2015 16 07  -1.50  29.30 821.56 1017.34 30.04 1734.21
11 30 2015 16 08  -1.40  29.48 821.62 1017.26 30.04 1733.61
11 30 2015 16 09  -1.10  30.02 821.62 1017.06 30.03 1733.91
11 30 2015 16 10  -1.00  30.20 821.62 1017.07 30.03 1734.60
11 30 2015 16 11  -1.00  30.20 821.61 1017.04 30.03 1734.50
11 30 2015 16 12  -0.90  30.38 821.65 1017.05 30.03 1734.80
11 30 2015 16 13  -0.90  30.38 821.61 1016.91 30.03 1734.01
11 30 2015 16 14  -0.80  30.56 821.63 1016.77 30.03 1733.32
11 30 2015 16 15  -0.90  30.38 821.61 1016.77 30.03 1732.92
11 30 2015 16 16  -0.80  30.56 821.58 1016.72 30.02 1733.42
11 30 2015 16 17  -0.80  30.56 821.56 1016.96 30.03 1735.59
11 30 2015 16 18  -1.00  30.20 821.65 1016.98 30.03 1733.61
11 30 2015 16 19  -1.40  29.48 821.71 1017.14 30.04 1731.74
11 30 2015 16 20  -1.50  29.30 821.67 1017.27 30.04 1732.53
11 30 2015 16 21  -1.40  29.48 821.59 1017.21 30.04 1733.51
11 30 2015 16 22  -1.30  29.66 821.54 1017.20 30.04 1734.60
11 30 2015 16 23  -1.20  29.84 821.51 1017.06 30.03 1734.40
11 30 2015 16 24  -1.30  29.66 821.30 1017.04 30.03 1735.69
11 30 2015 16 25  -1.30  29.66 821.50 1017.26 30.04 1735.49
11 30 2015 16 26  -1.40  29.48 821.67 1017.29 30.04 1733.32
11 30 2015 16 27  -1.50  29.30 821.48 1017.13 30.04 1733.32
11 30 2015 16 28  -1.60  29.12 821.67 1017.62 30.05 1734.80
11 30 2015 16 29  -1.90  28.58 821.65 1017.61 30.05 1732.92
11 30 2015 16 30  -1.90  28.58 821.49 1017.49 30.05 1733.61
11 30 2015 16 31  -1.80  28.76 821.63 1017.57 30.05 1733.51
11 30 2015 16 32  -1.70  28.94 821.64 1017.51 30.05 1733.51
11 30 2015 16 33  -1.60  29.12 821.59 1017.44 30.05 1734.11
11 30 2015 16 34  -1.90  28.58 821.48 1017.49 30.05 1733.71
11 30 2015 16 35  -2.20  28.04 821.61 1017.99 30.06 1734.50
11 30 2015 16 36  -2.70  27.14 821.55 1018.23 30.07 1733.91
11 30 2015 16 37  -3.00  26.60 821.67 1018.56 30.08 1733.42
11 30 2015 16 38  -3.20  26.24 821.59 1018.78 30.08 1734.70
11 30 2015 16 39  -3.10  26.42 821.51 1018.43 30.07 1733.32
11 30 2015 16 40  -3.00  26.60 821.45 1018.57 30.08 1735.69
11 30 2015 16 41  -2.70  27.14 821.46 1018.22 30.07 1734.70
11 30 2015 16 42  -2.60  27.32 821.44 1018.20 30.07 1735.39
11 30 2015 16 43  -2.70  27.14 821.50 1018.40 30.07 1735.78
11 30 2015 16 44  -2.70  27.14 821.42 1018.27 30.07 1735.49
11 30 2015 16 45  -2.70  27.14 821.51 1018.15 30.07 1733.61
11 30 2015 16 46  -2.70  27.14 821.70 1018.40 30.07 1733.71
11 30 2015 16 47  -2.80  26.96 821.53 1018.40 30.07 1734.80
11 30 2015 16 48  -2.80  26.96 821.54 1018.35 30.07 1734.30
11 30 2015 16 49  -3.00  26.60 821.59 1018.41 30.07 1733.02
11 30 2015 16 50  -3.10  26.42 821.60 1018.60 30.08 1733.81
11 30 2015 16 51  -3.00  26.60 821.57 1018.57 30.08 1734.50
11 30 2015 16 52  -3.10  26.42 821.53 1018.58 30.08 1734.30
11 30 2015 16 53  -3.10  26.42 821.25 1018.45 30.07 1736.08
11 30 2015 16 54  -2.90  26.78 821.45 1018.40 30.07 1734.99
11 30 2015 16 55  -3.00  26.60 821.60 1018.55 30.08 1734.01
11 30 2015 16 56  -3.10  26.42 821.62 1018.75 30.08 1734.80
11 30 2015 16 57  -3.30  26.06 821.72 1018.87 30.09 1733.51
11 30 2015 16 58  -3.20  26.24 821.70 1018.78 30.08 1733.61
11 30 2015 16 59  -3.10  26.42 821.78 1018.70 30.08 1732.82
11 30 2015 17 00  -2.90  26.78 821.72 1018.46 30.08 1732.73
11 30 2015 17 01  -2.70  27.14 821.69 1018.43 30.07 1734.11
11 30 2015 17 02  -2.50  27.50 821.76 1018.15 30.07 1732.43
11 30 2015 17 03  -2.30  27.86 821.67 1017.97 30.06 1733.12
11 30 2015 17 04  -2.30  27.86 821.77 1018.08 30.06 1733.02
11 30 2015 17 05  -2.40  27.68 821.64 1018.04 30.06 1733.32
11 30 2015 17 06  -2.70  27.14 821.66 1018.42 30.07 1734.30
11 30 2015 17 07  -3.00  26.60 821.58 1018.55 30.08 1734.21
11 30 2015 17 08  -3.10  26.42 821.57 1018.65 30.08 1734.50
11 30 2015 17 09  -3.30  26.06 821.63 1018.82 30.09 1734.01
11 30 2015 17 10  -3.40  25.88 821.44 1018.84 30.09 1735.39
11 30 2015 17 11  -3.40  25.88 821.34 1018.77 30.08 1735.88
11 30 2015 17 12  -3.70  25.34 821.28 1019.07 30.09 1736.97
11 30 2015 17 13  -3.50  25.70 821.31 1018.89 30.09 1736.48
11 30 2015 17 14  -3.30  26.06 821.42 1018.82 30.09 1736.08
11 30 2015 17 15  -3.00  26.60 821.32 1018.42 30.07 1735.78
11 30 2015 17 16  -2.90  26.78 821.32 1018.40 30.07 1736.28
11 30 2015 17 17  -2.70  27.14 821.40 1018.28 30.07 1735.78
11 30 2015 17 18  -2.50  27.50 821.46 1018.01 30.06 1734.30
11 30 2015 17 19  -2.30  27.86 821.43 1018.00 30.06 1735.78
11 30 2015 17 20  -2.00  28.40 821.46 1017.78 30.05 1735.59
11 30 2015 17 21  -1.70  28.94 821.47 1017.49 30.05 1735.09
11 30 2015 17 22  -1.50  29.30 821.52 1017.35 30.04 1734.70
11 30 2015 17 23  -1.30  29.66 821.46 1017.23 30.04 1735.59
11 30 2015 17 24  -1.40  29.48 821.38 1017.27 30.04 1736.08
11 30 2015 17 25  -1.30  29.66 821.41 1017.14 30.04 1735.39
11 30 2015 17 26  -1.20  29.84 821.41 1017.07 30.03 1735.49
11 30 2015 17 27  -1.10  30.02 821.30 1016.85 30.03 1735.39
11 30 2015 17 28  -1.00  30.20 821.29 1016.84 30.03 1736.08
11 30 2015 17 29  -0.80  30.56 821.43 1016.88 30.03 1736.28
11 30 2015 17 30  -0.70  30.74 821.56 1016.68 30.02 1733.91
11 30 2015 17 31  -0.50  31.10 821.39 1016.61 30.02 1736.38
11 30 2015 17 32   0.00  32.00 821.45 1016.15 30.01 1735.19
11 30 2015 17 33   0.30  32.54 821.35 1015.87 30.00 1735.78
11 30 2015 17 34   0.40  32.72 821.45 1015.91 30.00 1735.78
11 30 2015 17 35   0.60  33.08 821.43 1015.61 29.99 1734.80
11 30 2015 17 36   1.00  33.80 821.46 1015.49 29.99 1735.98
11 30 2015 17 37   1.40  34.52 821.48 1015.04 29.97 1734.60
11 30 2015 17 38   1.80  35.24 821.52 1014.77 29.97 1734.50
11 30 2015 17 39   1.80  35.24 821.44 1014.73 29.96 1734.99
11 30 2015 17 40   1.50  34.70 821.44 1014.98 29.97 1735.19
11 30 2015 17 41   1.40  34.52 821.37 1015.05 29.97 1735.78
11 30 2015 17 42   1.30  34.34 821.58 1015.25 29.98 1734.70
11 30 2015 17 43   1.20  34.16 821.42 1015.21 29.98 1735.39
11 30 2015 17 44   1.50  34.70 821.38 1015.02 29.97 1736.08
11 30 2015 17 45   1.70  35.06 821.38 1014.89 29.97 1736.28
11 30 2015 17 46   1.90  35.42 821.62 1014.70 29.96 1733.51
11 30 2015 17 47   2.00  35.60 821.52 1014.50 29.96 1733.51
11 30 2015 17 48   1.80  35.24 821.44 1014.73 29.96 1734.99
11 30 2015 17 49   1.80  35.24 821.30 1014.66 29.96 1735.88
11 30 2015 17 50   1.90  35.42 821.36 1014.77 29.97 1736.77
11 30 2015 17 51   2.10  35.78 821.22 1014.44 29.96 1736.77
11 30 2015 17 52   2.50  36.50 821.21 1014.29 29.95 1738.15
11 30 2015 17 53   2.80  37.04 821.36 1014.11 29.95 1736.97
11 30 2015 17 54   2.80  37.04 821.30 1014.06 29.95 1737.17
11 30 2015 17 55   2.50  36.50 821.20 1014.23 29.95 1737.76
11 30 2015 17 56   2.40  36.32 821.14 1014.32 29.95 1738.45
11 30 2015 17 57   2.10  35.78 821.12 1014.51 29.96 1738.35
11 30 2015 17 58   1.80  35.24 821.07 1014.67 29.96 1738.25
11 30 2015 17 59   1.60  34.88 821.14 1015.00 29.97 1739.04
11 30 2015 18 00   1.10  33.98 821.08 1015.31 29.98 1739.04
11 30 2015 18 01   1.00  33.80 821.11 1015.45 29.99 1739.24
11 30 2015 18 02   1.00  33.80 821.08 1015.29 29.98 1738.25
11 30 2015 18 03   0.80  33.44 821.10 1015.61 29.99 1739.34
11 30 2015 18 04   0.40  32.72 820.86 1015.63 29.99 1739.44
11 30 2015 18 05   0.10  32.18 821.05 1016.17 30.01 1740.03
11 30 2015 18 06  -0.20  31.64 820.96 1016.23 30.01 1739.53
11 30 2015 18 07  -0.30  31.46 821.09 1016.49 30.02 1739.73
11 30 2015 18 08  -0.30  31.46 821.09 1016.39 30.01 1738.84
11 30 2015 18 09  -0.60  30.92 820.92 1016.43 30.02 1739.04
11 30 2015 18 10  -0.60  30.92 820.99 1016.57 30.02 1739.44
11 30 2015 18 11  -0.70  30.74 820.96 1016.65 30.02 1739.73
11 30 2015 18 12  -0.90  30.38 820.89 1016.78 30.03 1740.23
11 30 2015 18 13  -1.10  30.02 820.71 1016.81 30.03 1741.02
11 30 2015 18 14  -1.20  29.84 820.92 1017.10 30.03 1740.62
11 30 2015 18 15  -1.40  29.48 820.76 1017.08 30.03 1740.82
11 30 2015 18 16  -1.70  28.94 820.88 1017.49 30.05 1741.02
11 30 2015 18 17  -1.70  28.94 820.87 1017.59 30.05 1741.90
11 30 2015 18 18  -1.70  28.94 820.80 1017.55 30.05 1742.30
11 30 2015 18 19  -1.60  29.12 820.67 1017.22 30.04 1741.61
11 30 2015 18 20  -1.70  28.94 820.80 1017.45 30.05 1741.51
11 30 2015 18 21  -1.70  28.94 820.80 1017.46 30.05 1741.61
11 30 2015 18 22  -1.70  28.94 820.61 1017.26 30.04 1741.90
11 30 2015 18 23  -1.60  29.12 820.77 1017.40 30.04 1742.00
11 30 2015 18 24  -1.70  28.94 820.75 1017.56 30.05 1742.89
11 30 2015 18 25  -1.60  29.12 820.78 1017.42 30.04 1742.10
11 30 2015 18 26  -1.60  29.12 820.73 1017.38 30.04 1742.30
11 30 2015 18 27  -1.50  29.30 820.65 1017.20 30.04 1742.30
11 30 2015 18 28  -1.60  29.12 820.76 1017.33 30.04 1741.61
11 30 2015 18 29  -1.60  29.12 820.70 1017.26 30.04 1741.61
11 30 2015 18 30  -1.60  29.12 820.75 1017.44 30.05 1742.60
11 30 2015 18 31  -1.70  28.94 820.71 1017.39 30.04 1741.90
11 30 2015 18 32  -1.80  28.76 820.81 1017.63 30.05 1742.20
11 30 2015 18 33  -1.70  28.94 820.78 1017.46 30.05 1741.81
11 30 2015 18 34  -1.60  29.12 820.76 1017.46 30.05 1742.60
11 30 2015 18 35  -1.40  29.48 820.78 1017.31 30.04 1742.50
11 30 2015 18 36  -1.20  29.84 820.71 1016.97 30.03 1741.71
11 30 2015 18 37  -0.90  30.38 820.76 1016.77 30.03 1741.51
11 30 2015 18 38  -0.50  31.10 820.66 1016.58 30.02 1743.48
11 30 2015 18 39  -0.10  31.82 820.72 1016.11 30.01 1741.61
11 30 2015 18 40  -0.40  31.28 820.63 1016.36 30.01 1742.69
11 30 2015 18 41  -0.50  31.10 820.61 1016.51 30.02 1743.48
11 30 2015 18 42  -0.60  30.92 820.52 1016.52 30.02 1743.78
11 30 2015 18 43  -0.90  30.38 820.47 1016.85 30.03 1745.06
11 30 2015 18 44  -1.20  29.84 820.52 1017.17 30.04 1745.26
11 30 2015 18 45  -1.40  29.48 820.42 1017.16 30.04 1744.87
11 30 2015 18 46  -1.40  29.48 820.54 1017.12 30.04 1743.39
11 30 2015 18 47  -1.40  29.48 820.53 1017.21 30.04 1744.18
11 30 2015 18 48  -1.40  29.48 820.51 1017.25 30.04 1744.77
11 30 2015 18 49  -1.40  29.48 820.54 1017.15 30.04 1743.58
11 30 2015 18 50  -1.50  29.30 820.51 1017.24 30.04 1743.98
11 30 2015 18 51  -1.40  29.48 820.55 1017.20 30.04 1743.88
11 30 2015 18 52  -1.50  29.30 820.57 1017.35 30.04 1744.27
11 30 2015 18 53  -1.90  28.58 820.79 1017.67 30.05 1742.10
11 30 2015 18 54  -1.90  28.58 820.81 1017.67 30.05 1741.90
11 30 2015 18 55  -1.80  28.76 820.54 1017.57 30.05 1744.47
11 30 2015 18 56  -1.40  29.48 820.52 1017.16 30.04 1743.88
11 30 2015 18 57  -1.10  30.02 820.72 1017.09 30.03 1743.19
11 30 2015 18 58  -0.80  30.56 820.69 1016.76 30.03 1742.79
11 30 2015 18 59  -0.80  30.56 820.59 1016.71 30.02 1743.39
11 30 2015 19 00  -0.90  30.38 820.51 1016.86 30.03 1744.77
11 30 2015 19 01  -0.80  30.56 820.51 1016.70 30.02 1744.08
11 30 2015 19 02  -0.70  30.74 820.51 1016.64 30.02 1744.27
11 30 2015 19 03  -0.70  30.74 820.45 1016.59 30.02 1744.47
11 30 2015 19 04  -0.30  31.46 820.51 1016.39 30.01 1744.77
11 30 2015 19 05  -0.20  31.64 820.39 1016.25 30.01 1745.46
11 30 2015 19 06  -0.10  31.82 820.43 1016.24 30.01 1745.66
11 30 2015 19 07  -0.30  31.46 820.38 1016.29 30.01 1745.26
11 30 2015 19 08  -0.40  31.28 820.52 1016.49 30.02 1744.87
11 30 2015 19 09  -0.70  30.74 820.35 1016.68 30.02 1746.15
11 30 2015 19 10  -0.70  30.74 820.41 1016.60 30.02 1744.97
11 30 2015 19 11  -0.60  30.92 820.34 1016.55 30.02 1745.85
11 30 2015 19 12  -0.30  31.46 820.39 1016.34 30.01 1745.56
11 30 2015 19 13   0.00  32.00 820.32 1016.13 30.01 1746.45
11 30 2015 19 14   0.10  32.18 820.34 1015.99 30.00 1745.76
11 30 2015 19 15   0.00  32.00 820.41 1016.18 30.01 1745.95
11 30 2015 19 16   0.00  32.00 820.44 1016.03 30.00 1744.47
11 30 2015 19 17   0.00  32.00 820.32 1016.11 30.01 1746.35
11 30 2015 19 18  -0.10  31.82 820.39 1016.21 30.01 1745.76
11 30 2015 19 19  -0.30  31.46 820.47 1016.38 30.01 1745.06
11 30 2015 19 20  -0.50  31.10 820.31 1016.51 30.02 1746.45
11 30 2015 19 21  -0.40  31.28 820.41 1016.50 30.02 1746.05
11 30 2015 19 22  -0.50  31.10 820.36 1016.47 30.02 1745.66
11 30 2015 19 23  -0.60  30.92 820.40 1016.62 30.02 1745.85
11 30 2015 19 24  -0.70  30.74 820.39 1016.74 30.02 1746.25
11 30 2015 19 25  -0.80  30.56 820.29 1016.61 30.02 1745.56
11 30 2015 19 26  -1.00  30.20 820.42 1017.01 30.03 1746.25
11 30 2015 19 27  -1.00  30.20 820.34 1016.97 30.03 1746.74
11 30 2015 19 28  -1.00  30.20 820.36 1016.86 30.03 1745.66
11 30 2015 19 29  -1.00  30.20 820.44 1017.02 30.03 1746.15
11 30 2015 19 30  -0.90  30.38 820.31 1016.76 30.02 1745.95
11 30 2015 19 31  -0.90  30.38 820.40 1016.80 30.03 1745.36
11 30 2015 19 32  -1.10  30.02 820.38 1017.17 30.04 1747.34
11 30 2015 19 33  -1.10  30.02 820.37 1016.97 30.03 1745.76
11 30 2015 19 34  -1.30  29.66 820.44 1017.22 30.04 1745.85
11 30 2015 19 35  -1.40  29.48 820.32 1017.12 30.04 1745.56
11 30 2015 19 36  -1.40  29.48 820.29 1017.27 30.04 1747.14
11 30 2015 19 37  -1.50  29.30 820.26 1017.17 30.04 1745.95
11 30 2015 19 38  -1.60  29.12 820.19 1017.30 30.04 1747.04
11 30 2015 19 39  -1.70  28.94 820.36 1017.46 30.05 1746.05
11 30 2015 19 40  -1.70  28.94 820.32 1017.50 30.05 1746.74
11 30 2015 19 41  -1.60  29.12 820.12 1017.35 30.04 1748.23
11 30 2015 19 42  -1.40  29.48 819.97 1017.29 30.04 1750.50
11 30 2015 19 43  -0.90  30.38 819.97 1016.77 30.03 1749.51
11 30 2015 19 44  -0.50  31.10 819.94 1016.61 30.02 1751.09
11 30 2015 19 45  -0.10  31.82 819.96 1016.17 30.01 1749.81
11 30 2015 19 46   0.30  32.54 819.99 1015.88 30.00 1749.71
11 30 2015 19 47   0.70  33.26 819.92 1015.32 29.98 1748.32
11 30 2015 19 48   1.00  33.80 819.97 1015.17 29.98 1748.52
11 30 2015 19 49   1.40  34.52 819.94 1014.97 29.97 1749.71
11 30 2015 19 50   2.00  35.60 820.06 1014.71 29.96 1750.20
11 30 2015 19 51   2.40  36.32 820.07 1014.28 29.95 1749.12
11 30 2015 19 52   2.60  36.68 820.02 1014.08 29.95 1749.21
11 30 2015 19 53   2.70  36.86 820.06 1013.96 29.94 1748.42
11 30 2015 19 54   2.90  37.22 820.03 1014.00 29.94 1750.30
11 30 2015 19 55   3.10  37.58 820.02 1013.70 29.93 1749.21
11 30 2015 19 56   2.60  36.68 820.00 1014.07 29.95 1749.31
11 30 2015 19 57   1.80  35.24 820.03 1014.64 29.96 1748.62
11 30 2015 19 58   1.70  35.06 819.96 1014.77 29.97 1749.81
11 30 2015 19 59   1.70  35.06 820.02 1014.82 29.97 1749.61
11 30 2015 20 00   1.80  35.24 819.91 1014.69 29.96 1750.30
11 30 2015 20 01   1.60  34.88 819.83 1014.72 29.96 1750.10
11 30 2015 20 02   1.20  34.16 819.97 1015.15 29.98 1749.61
11 30 2015 20 03   0.50  32.90 820.10 1015.66 29.99 1748.03
11 30 2015 20 04   0.00  32.00 820.22 1016.16 30.01 1747.73
11 30 2015 20 05  -0.50  31.10 820.02 1016.48 30.02 1749.21
11 30 2015 20 06  -0.90  30.38 819.99 1016.93 30.03 1750.60
11 30 2015 20 07  -1.40  29.48 820.08 1017.17 30.04 1748.42
11 30 2015 20 08  -1.70  28.94 819.88 1017.37 30.04 1750.10
11 30 2015 20 09  -1.80  28.76 820.02 1017.59 30.05 1749.91
11 30 2015 20 10  -2.00  28.40 819.74 1017.64 30.05 1751.78
11 30 2015 20 11  -2.00  28.40 819.81 1017.65 30.05 1751.19
11 30 2015 20 12  -2.20  28.04 819.99 1017.77 30.05 1749.02
11 30 2015 20 13  -2.40  27.68 819.76 1017.98 30.06 1751.78
11 30 2015 20 14  -2.40  27.68 819.59 1017.95 30.06 1753.27
11 30 2015 20 15  -2.30  27.86 819.61 1017.98 30.06 1753.96
11 30 2015 20 16  -2.30  27.86 819.86 1017.93 30.06 1750.99
11 30 2015 20 17  -2.70  27.14 819.94 1018.26 30.07 1750.30
11 30 2015 20 18  -2.90  26.78 819.93 1018.38 30.07 1750.10
11 30 2015 20 19  -2.90  26.78 819.92 1018.54 30.08 1751.49
11 30 2015 20 20  -3.00  26.60 819.79 1018.56 30.08 1752.28
11 30 2015 20 21  -3.10  26.42 819.78 1018.47 30.08 1750.99
11 30 2015 20 22  -3.20  26.24 819.90 1018.67 30.08 1750.79
11 30 2015 20 23  -3.20  26.24 819.70 1018.61 30.08 1752.28
11 30 2015 20 24  -2.90  26.78 819.75 1018.43 30.07 1752.28
11 30 2015 20 25  -2.70  27.14 819.55 1018.20 30.07 1753.76
11 30 2015 20 26  -2.50  27.50 819.70 1018.28 30.07 1754.16
11 30 2015 20 27  -2.40  27.68 819.59 1018.05 30.06 1754.06
11 30 2015 20 28  -2.60  27.32 819.66 1018.11 30.06 1752.57
11 30 2015 20 29  -2.60  27.32 819.84 1018.15 30.07 1751.09
11 30 2015 20 30  -2.70  27.14 819.84 1018.22 30.07 1750.99
11 30 2015 20 31  -3.00  26.60 819.64 1018.36 30.07 1752.18
11 30 2015 20 32  -3.00  26.60 819.83 1018.54 30.08 1751.68
11 30 2015 20 33  -3.10  26.42 819.65 1018.56 30.08 1753.07
11 30 2015 20 34  -3.20  26.24 819.69 1018.59 30.08 1752.28
11 30 2015 20 35  -3.30  26.06 819.90 1018.70 30.08 1750.40
11 30 2015 20 36  -3.40  25.88 819.86 1018.83 30.09 1751.19
11 30 2015 20 37  -3.50  25.70 819.91 1018.80 30.09 1749.81
11 30 2015 20 38  -3.50  25.70 819.79 1018.95 30.09 1752.18
11 30 2015 20 39  -3.50  25.70 819.87 1018.93 30.09 1751.19
11 30 2015 20 40  -3.40  25.88 819.56 1018.63 30.08 1752.57
11 30 2015 20 41  -3.20  26.24 819.73 1018.68 30.08 1752.57
11 30 2015 20 42  -3.10  26.42 819.68 1018.33 30.07 1750.89
11 30 2015 20 43  -3.10  26.42 819.67 1018.53 30.08 1752.57
11 30 2015 20 44  -3.20  26.24 819.68 1018.66 30.08 1752.87
11 30 2015 20 45  -3.20  26.24 819.71 1018.64 30.08 1752.48
11 30 2015 20 46  -3.00  26.60 819.71 1018.46 30.08 1752.28
11 30 2015 20 47  -3.00  26.60 819.73 1018.56 30.08 1752.87
11 30 2015 20 48  -2.90  26.78 819.81 1018.66 30.08 1753.56
11 30 2015 20 49  -3.10  26.42 819.77 1018.49 30.08 1751.29
11 30 2015 20 50  -3.10  26.42 819.82 1018.65 30.08 1752.08
11 30 2015 20 51  -3.10  26.42 819.77 1018.48 30.08 1751.19
11 30 2015 20 52  -2.90  26.78 819.75 1018.37 30.07 1751.78
11 30 2015 20 53  -2.90  26.78 819.98 1018.37 30.07 1749.51
11 30 2015 20 54  -2.90  26.78 819.89 1018.40 30.07 1750.60
11 30 2015 20 55  -2.80  26.96 819.99 1018.24 30.07 1749.02
11 30 2015 20 56  -2.80  26.96 820.07 1018.45 30.07 1749.91
11 30 2015 20 57  -2.80  26.96 819.93 1018.39 30.07 1750.79
11 30 2015 20 58  -2.70  27.14 819.99 1018.20 30.07 1749.31
11 30 2015 20 59  -2.70  27.14 820.08 1018.39 30.07 1749.91
11 30 2015 21 00  -2.90  26.78 819.88 1018.30 30.07 1749.91
11 30 2015 21 01  -2.90  26.78 819.92 1018.19 30.07 1748.62
11 30 2015 21 02  -2.90  26.78 819.90 1018.37 30.07 1750.30
11 30 2015 21 03  -2.90  26.78 820.04 1018.42 30.07 1749.31
11 30 2015 21 04  -2.80  26.96 819.83 1018.25 30.07 1750.70
11 30 2015 21 05  -2.50  27.50 819.82 1018.09 30.06 1751.39
11 30 2015 21 06  -2.50  27.50 819.80 1018.13 30.07 1751.98
11 30 2015 21 07  -2.40  27.68 819.68 1017.92 30.06 1752.08
11 30 2015 21 08  -2.30  27.86 819.72 1017.89 30.06 1752.08
11 30 2015 21 09  -2.40  27.68 819.68 1017.99 30.06 1752.67
11 30 2015 21 10  -2.30  27.86 819.74 1017.95 30.06 1752.38
11 30 2015 21 11  -2.50  27.50 819.67 1018.17 30.07 1753.56
11 30 2015 21 12  -2.40  27.68 819.70 1017.97 30.06 1752.28
11 30 2015 21 13  -2.30  27.86 819.69 1017.90 30.06 1752.48
11 30 2015 21 14  -2.20  28.04 819.78 1017.94 30.06 1752.57
11 30 2015 21 15  -2.20  28.04 819.54 1017.74 30.05 1753.36
11 30 2015 21 16  -2.00  28.40 819.67 1017.74 30.05 1753.36
11 30 2015 21 17  -2.00  28.40 819.76 1017.93 30.06 1753.96
11 30 2015 21 18  -2.10  28.22 819.62 1017.71 30.05 1752.97
11 30 2015 21 19  -2.20  28.04 819.64 1017.78 30.06 1752.67
11 30 2015 21 20  -2.20  28.04 819.66 1017.78 30.06 1752.48
11 30 2015 21 21  -2.10  28.22 819.63 1017.77 30.05 1753.36
11 30 2015 21 22  -2.10  28.22 819.74 1017.87 30.06 1753.07
11 30 2015 21 23  -2.00  28.40 819.63 1017.72 30.05 1753.56
11 30 2015 21 24  -1.70  28.94 819.50 1017.37 30.04 1753.96
11 30 2015 21 25  -1.80  28.76 819.63 1017.58 30.05 1753.76
11 30 2015 21 26  -1.70  28.94 819.78 1017.55 30.05 1752.57
11 30 2015 21 27  -1.80  28.76 819.73 1017.53 30.05 1752.28
11 30 2015 21 28  -1.70  28.94 819.70 1017.39 30.04 1752.08
11 30 2015 21 29  -1.70  28.94 819.75 1017.34 30.04 1751.19
11 30 2015 21 30  -1.60  29.12 820.00 1017.62 30.05 1751.59
11 30 2015 21 31  -1.70  28.94 819.95 1017.54 30.05 1750.79
11 30 2015 21 32  -1.80  28.76 820.12 1017.54 30.05 1748.42
11 30 2015 21 33  -2.00  28.40 819.80 1017.63 30.05 1751.09
11 30 2015 21 34  -1.90  28.58 819.82 1017.63 30.05 1751.59
11 30 2015 21 35  -1.80  28.76 819.92 1017.60 30.05 1750.99
11 30 2015 21 36  -1.80  28.76 819.86 1017.47 30.05 1750.50
11 30 2015 21 37  -1.70  28.94 819.89 1017.46 30.05 1750.79
11 30 2015 21 38  -1.60  29.12 819.96 1017.33 30.04 1749.61
11 30 2015 21 39  -1.60  29.12 819.79 1017.38 30.04 1751.78
11 30 2015 21 40  -1.50  29.30 819.85 1017.23 30.04 1750.60
11 30 2015 21 41  -1.60  29.12 819.94 1017.56 30.05 1751.68
11 30 2015 21 42  -1.60  29.12 819.86 1017.32 30.04 1750.60
11 30 2015 21 43  -1.70  28.94 819.95 1017.37 30.04 1749.41
11 30 2015 21 44  -1.70  28.94 819.81 1017.47 30.05 1751.68
11 30 2015 21 45  -1.50  29.30 819.89 1017.31 30.04 1750.79
11 30 2015 21 46  -1.50  29.30 819.88 1017.18 30.04 1749.91
11 30 2015 21 47  -1.30  29.66 819.94 1017.21 30.04 1750.79
11 30 2015 21 48  -1.30  29.66 819.91 1017.23 30.04 1751.29
11 30 2015 21 49  -1.50  29.30 820.13 1017.40 30.04 1749.12
11 30 2015 21 50  -1.60  29.12 820.01 1017.39 30.04 1749.61
11 30 2015 21 51  -1.60  29.12 820.03 1017.35 30.04 1749.12
11 30 2015 21 52  -1.70  28.94 820.09 1017.47 30.05 1748.82
11 30 2015 21 53  -2.00  28.40 820.08 1017.60 30.05 1748.03
11 30 2015 21 54  -2.10  28.22 819.93 1017.78 30.06 1750.40
11 30 2015 21 55  -2.20  28.04 820.09 1017.85 30.06 1748.72
11 30 2015 21 56  -2.50  27.50 820.11 1018.02 30.06 1747.93
11 30 2015 21 57  -2.60  27.32 820.06 1018.16 30.07 1748.92
11 30 2015 21 58  -2.70  27.14 820.25 1018.34 30.07 1747.83
11 30 2015 21 59  -2.80  26.96 820.05 1018.33 30.07 1749.12
11 30 2015 22 00  -2.70  27.14 819.91 1018.19 30.07 1750.00
11 30 2015 22 01  -2.80  26.96 820.03 1018.34 30.07 1749.41
11 30 2015 22 02  -2.80  26.96 820.02 1018.31 30.07 1749.21
11 30 2015 22 03  -2.80  26.96 820.04 1018.23 30.07 1748.42
11 30 2015 22 04  -3.10  26.42 820.05 1018.51 30.08 1748.62
11 30 2015 22 05  -3.20  26.24 820.11 1018.52 30.08 1747.44
11 30 2015 22 06  -3.30  26.06 820.03 1018.74 30.08 1749.41
11 30 2015 22 07  -3.40  25.88 820.12 1018.79 30.08 1748.23
11 30 2015 22 08  -3.40  25.88 820.06 1018.71 30.08 1748.23
11 30 2015 22 09  -3.40  25.88 820.21 1018.69 30.08 1746.55
11 30 2015 22 10  -3.50  25.70 820.15 1018.94 30.09 1748.52
11 30 2015 22 11  -3.40  25.88 819.85 1018.70 30.08 1750.20
11 30 2015 22 12  -3.30  26.06 819.91 1018.64 30.08 1749.81
11 30 2015 22 13  -3.10  26.42 819.95 1018.63 30.08 1750.60
11 30 2015 22 14  -2.90  26.78 820.04 1018.40 30.07 1749.12
11 30 2015 22 15  -3.00  26.60 819.95 1018.64 30.08 1751.29
11 30 2015 22 16  -2.80  26.96 819.89 1018.36 30.07 1750.99
11 30 2015 22 17  -2.60  27.32 819.72 1018.26 30.07 1753.17
11 30 2015 22 18  -2.20  28.04 819.89 1017.82 30.06 1750.50
11 30 2015 22 19  -2.20  28.04 819.81 1017.79 30.06 1750.99
11 30 2015 22 20  -2.20  28.04 819.83 1017.86 30.06 1751.39
11 30 2015 22 21  -2.10  28.22 819.86 1017.79 30.06 1751.19
11 30 2015 22 22  -2.00  28.40 819.88 1017.66 30.05 1750.60
11 30 2015 22 23  -1.80  28.76 819.94 1017.75 30.05 1751.98
11 30 2015 22 24  -1.50  29.30 819.79 1017.29 30.04 1751.68
11 30 2015 22 25  -1.30  29.66 819.78 1017.07 30.03 1751.29
11 30 2015 22 26  -1.10  30.02 819.80 1016.97 30.03 1751.59
11 30 2015 22 27  -1.30  29.66 819.91 1017.16 30.04 1750.70
11 30 2015 22 28  -1.30  29.66 819.83 1017.13 30.04 1751.29
11 30 2015 22 29  -1.30  29.66 819.77 1017.12 30.04 1751.78
11 30 2015 22 30  -1.20  29.84 819.71 1017.01 30.03 1752.18
11 30 2015 22 31  -1.10  30.02 819.75 1016.96 30.03 1751.98
11 30 2015 22 32  -1.10  30.02 819.84 1017.15 30.04 1752.57
11 30 2015 22 33  -1.50  29.30 819.76 1017.24 30.04 1751.59
11 30 2015 22 34  -1.70  28.94 819.64 1017.36 30.04 1752.48
11 30 2015 22 35  -1.80  28.76 819.80 1017.52 30.05 1751.49
11 30 2015 22 36  -1.70  28.94 819.80 1017.44 30.04 1751.49
11 30 2015 22 37  -1.80  28.76 819.85 1017.54 30.05 1751.19
11 30 2015 22 38  -1.90  28.58 819.80 1017.67 30.05 1752.08
11 30 2015 22 39  -1.80  28.76 819.76 1017.50 30.05 1751.78
11 30 2015 22 40  -1.70  28.94 819.67 1017.26 30.04 1751.39
11 30 2015 22 41  -1.70  28.94 819.75 1017.44 30.04 1751.98
11 30 2015 22 42  -1.60  29.12 819.72 1017.29 30.04 1751.78
11 30 2015 22 43  -1.60  29.12 819.82 1017.56 30.05 1752.97
11 30 2015 22 44  -1.50  29.30 819.81 1017.35 30.04 1751.98
11 30 2015 22 45  -1.60  29.12 819.90 1017.51 30.05 1751.68
11 30 2015 22 46  -1.70  28.94 819.80 1017.45 30.05 1751.59
11 30 2015 22 47  -1.80  28.76 819.87 1017.59 30.05 1751.39
11 30 2015 22 48  -1.90  28.58 820.09 1017.65 30.05 1749.02
11 30 2015 22 49  -2.10  28.22 819.71 1017.72 30.05 1752.08
11 30 2015 22 50  -2.00  28.40 819.84 1017.81 30.06 1752.18
11 30 2015 22 51  -2.20  28.04 819.91 1017.79 30.06 1750.00
11 30 2015 22 52  -2.30  27.86 819.84 1017.93 30.06 1751.19
11 30 2015 22 53  -2.20  28.04 819.90 1017.93 30.06 1751.29
11 30 2015 22 54  -2.10  28.22 819.74 1017.62 30.05 1750.99
11 30 2015 22 55  -2.00  28.40 819.85 1017.68 30.05 1750.99
11 30 2015 22 56  -2.00  28.40 820.14 1017.66 30.05 1747.93
11 30 2015 22 57  -2.10  28.22 820.06 1017.76 30.05 1748.92
11 30 2015 22 58  -2.30  27.86 820.05 1018.00 30.06 1749.71
11 30 2015 22 59  -2.20  28.04 819.81 1017.74 30.05 1750.60
11 30 2015 23 00  -2.00  28.40 820.03 1017.71 30.05 1749.41
11 30 2015 23 01  -2.00  28.40 820.24 1017.80 30.06 1748.03
11 30 2015 23 02  -2.20  28.04 820.16 1017.81 30.06 1747.63
11 30 2015 23 03  -2.50  27.50 820.32 1018.18 30.07 1747.14
11 30 2015 23 04  -2.70  27.14 820.28 1018.29 30.07 1747.14
11 30 2015 23 05  -2.80  26.96 820.26 1018.68 30.08 1749.81
11 30 2015 23 06  -2.90  26.78 820.22 1018.41 30.07 1747.44
11 30 2015 23 07  -3.10  26.42 820.33 1018.56 30.08 1746.25
11 30 2015 23 08  -3.30  26.06 820.33 1018.80 30.09 1746.84
11 30 2015 23 09  -3.60  25.52 820.32 1018.90 30.09 1745.85
11 30 2015 23 10  -3.80  25.16 820.33 1019.13 30.09 1746.25
11 30 2015 23 11  -3.90  24.98 820.40 1019.34 30.10 1746.65
11 30 2015 23 12  -4.00  24.80 820.35 1019.35 30.10 1746.55
11 30 2015 23 13  -4.00  24.80 820.35 1019.38 30.10 1746.84
11 30 2015 23 14  -4.20  24.44 820.38 1019.47 30.11 1745.95
11 30 2015 23 15  -4.30  24.26 820.30 1019.70 30.11 1747.93
11 30 2015 23 16  -4.30  24.26 820.37 1019.63 30.11 1746.65
11 30 2015 23 17  -4.30  24.26 820.26 1019.47 30.10 1746.45
11 30 2015 23 18  -4.30  24.26 820.28 1019.49 30.11 1746.45
11 30 2015 23 19  -4.40  24.08 820.39 1019.68 30.11 1746.25
11 30 2015 23 20  -4.50  23.90 820.42 1019.75 30.11 1745.85
11 30 2015 23 21  -4.50  23.90 820.38 1019.70 30.11 1745.85
11 30 2015 23 22  -4.60  23.72 820.36 1019.67 30.11 1745.16
11 30 2015 23 23  -4.70  23.54 820.41 1020.16 30.13 1747.93
11 30 2015 23 24  -4.80  23.36 820.37 1020.00 30.12 1746.35
11 30 2015 23 25  -4.80  23.36 820.43 1020.02 30.12 1745.95
11 30 2015 23 26  -4.80  23.36 820.47 1019.91 30.12 1744.67
11 30 2015 23 27  -4.90  23.18 820.47 1019.89 30.12 1743.88
11 30 2015 23 28  -5.00  23.00 820.45 1020.01 30.12 1744.37
11 30 2015 23 29  -5.00  23.00 820.45 1020.06 30.12 1744.77
11 30 2015 23 30  -5.00  23.00 820.42 1020.07 30.12 1745.16
11 30 2015 23 31  -5.00  23.00 820.46 1020.07 30.12 1744.77
11 30 2015 23 32  -5.10  22.82 820.43 1020.13 30.12 1744.87
11 30 2015 23 33  -5.10  22.82 820.50 1020.20 30.13 1744.77
11 30 2015 23 34  -5.20  22.64 820.55 1020.46 30.13 1745.66
11 30 2015 23 35  -5.30  22.46 820.43 1020.24 30.13 1744.47
11 30 2015 23 36  -5.40  22.28 820.52 1020.46 30.13 1744.67
11 30 2015 23 37  -5.30  22.46 820.52 1020.44 30.13 1745.16
11 30 2015 23 38  -5.30  22.46 820.44 1020.35 30.13 1745.26
11 30 2015 23 39  -5.30  22.46 820.49 1020.32 30.13 1744.47
11 30 2015 23 40  -5.30  22.46 820.51 1020.32 30.13 1744.27
11 30 2015 23 41  -5.40  22.28 820.54 1020.39 30.13 1743.88
11 30 2015 23 42  -5.40  22.28 820.47 1020.36 30.13 1744.37
11 30 2015 23 43  -5.50  22.10 820.56 1020.42 30.13 1743.29
11 30 2015 23 44  -5.50  22.10 820.46 1020.45 30.13 1744.57
11 30 2015 23 45  -5.70  21.74 820.44 1020.60 30.14 1744.67
11 30 2015 23 46  -5.80  21.56 820.50 1020.71 30.14 1744.27
11 30 2015 23 47  -5.90  21.38 820.58 1020.95 30.15 1744.77
11 30 2015 23 48  -6.00  21.20 820.53 1020.97 30.15 1744.77
11 30 2015 23 49  -6.10  21.02 820.50 1020.98 30.15 1744.47
11 30 2015 23 50  -6.20  20.84 820.44 1021.00 30.15 1744.57
11 30 2015 23 51  -6.20  20.84 820.51 1021.26 30.16 1745.95
11 30 2015 23 52  -6.20  20.84 820.45 1021.04 30.15 1744.77
11 30 2015 23 53  -6.10  21.02 820.30 1020.81 30.14 1745.06
11 30 2015 23 54  -5.90  21.38 820.39 1020.92 30.15 1746.35
11 30 2015 23 55  -5.90  21.38 820.51 1020.84 30.15 1744.57
11 30 2015 23 56  -5.90  21.38 820.49 1020.90 30.15 1745.26
11 30 2015 23 57  -5.90  21.38 820.43 1020.83 30.15 1745.26
11 30 2015 23 58  -5.70  21.74 820.24 1020.41 30.13 1745.06
11 30 2015 23 59  -5.60  21.92 820.47 1020.49 30.13 1744.08
